iteration,node_id,loss,accuracy,full_loss,full_accuracy
0,0,0.7724103647119859,0.6645041705282669,"[1.2520087010720198, 0.924581659190795, 0.7724103647119859]","[0.4684893419833179, 0.5898980537534755, 0.6645041705282669]"
0,8,0.738283016464927,0.6923809523809524,"[1.1427206216436443, 0.8856984593651511, 0.738283016464927]","[0.44095238095238093, 0.590952380952381, 0.6923809523809524]"
0,12,0.4293063617113865,0.8332537028189202,"[0.9968747668194048, 0.6054776545726892, 0.4293063617113865]","[0.5484949832775919, 0.754897276636407, 0.8332537028189202]"
0,7,0.7440817554791769,0.6846631629240325,"[1.22216796875, 0.9436081918803129, 0.7440817554791769]","[0.4018155757286192, 0.5489727663640707, 0.6846631629240325]"
0,3,0.7136711197740891,0.7091836734693877,"[1.2229225968613344, 0.8809432019205654, 0.7136711197740891]","[0.48515769944341375, 0.6307977736549165, 0.7091836734693877]"
0,5,0.8582205228945788,0.6679280983916746,"[1.1330736174302942, 0.964917498476365, 0.8582205228945788]","[0.4621570482497635, 0.5614947965941344, 0.6679280983916746]"
0,13,0.42939780833143176,0.8285714285714286,"[1.0237611748955466, 0.5554126410773306, 0.42939780833143176]","[0.5638095238095238, 0.7757142857142857, 0.8285714285714286]"
0,2,0.6892846270519144,0.7251979506287843,"[1.2153319102876328, 0.8633433422621559, 0.6892846270519144]","[0.4862598975314392, 0.6278528178854215, 0.7251979506287843]"
0,14,0.38535520840774884,0.8425309229305423,"[0.9743437604470686, 0.553593169559132, 0.38535520840774884]","[0.5647002854424358, 0.7740247383444339, 0.8425309229305423]"
0,4,0.742459667079589,0.6983833718244804,"[1.2605981318389667, 0.9340089717332054, 0.742459667079589]","[0.44942263279445727, 0.5981524249422633, 0.6983833718244804]"
0,9,0.7303906932021632,0.6736441484300666,"[1.1370074261318555, 0.8592239058378971, 0.7303906932021632]","[0.4705042816365366, 0.6084681255946718, 0.6736441484300666]"
0,1,0.647150019512457,0.7363045496750232,"[1.2537983007290785, 0.8573487225700828, 0.647150019512457]","[0.4726090993500464, 0.6415970287836583, 0.7363045496750232]"
0,6,0.7480982162735679,0.682319118351701,"[1.1175244847933452, 0.8698459520484462, 0.7480982162735679]","[0.4571154767609008, 0.6051748921897461, 0.682319118351701]"
0,11,0.390204747969454,0.8524197412553906,"[0.962443928826939, 0.530395945816329, 0.390204747969454]","[0.5946334451365597, 0.7896502156205079, 0.8524197412553906]"
0,10,0.5853507251423948,0.7866603595080416,"[1.018993673955693, 0.710084542632103, 0.5853507251423948]","[0.5449385052034059, 0.7246925260170294, 0.7866603595080416]"
1,2,0.6273375898599625,0.7456916627852818,"[1.040510289809283, 0.7636623347506803, 0.6273375898599625]","[0.5640428504890544, 0.6995808104331626, 0.7456916627852818]"
1,12,0.3362859460440549,0.8709985666507406,"[0.7311298576268283, 0.4556950944842714, 0.3362859460440549]","[0.716674629718108, 0.8193979933110368, 0.8709985666507406]"
1,3,0.6505934552234762,0.7328385899814471,"[1.062839958597632, 0.7675366804880255, 0.6505934552234762]","[0.5691094619666048, 0.6771799628942486, 0.7328385899814471]"
1,14,0.35013365835854504,0.8710751665080876,"[0.7670888909787843, 0.4628018836180369, 0.35013365835854504]","[0.6860133206470028, 0.8201712654614652, 0.8710751665080876]"
1,7,0.6616340532447352,0.7233635929288104,"[1.0704772075017293, 0.7746668801163182, 0.6616340532447352]","[0.504538939321548, 0.6550406115623507, 0.7233635929288104]"
1,1,0.5741922986858031,0.7790157845868152,"[1.027304610785316, 0.7675445518072914, 0.5741922986858031]","[0.5719591457753017, 0.6713091922005571, 0.7790157845868152]"
1,5,0.7877818687873728,0.6546830652790918,"[1.0569140578017515, 0.9511314683100757, 0.7877818687873728]","[0.5170293282876064, 0.5879848628193, 0.6546830652790918]"
1,9,0.6616757837208834,0.7193149381541389,"[1.0077270702882246, 0.7990192066539418, 0.6616757837208834]","[0.544243577545195, 0.6617507136060894, 0.7193149381541389]"
1,6,0.6572408007852959,0.7149017728797317,"[1.0758823120232783, 0.8322421763882493, 0.6572408007852959]","[0.5103018687110685, 0.6300910397700048, 0.7149017728797317]"
1,8,0.7014335502277721,0.7,"[1.0639560168439692, 0.7757780299042211, 0.7014335502277721]","[0.5104761904761905, 0.6504761904761904, 0.7]"
1,13,0.3841634853319688,0.8495238095238096,"[0.7718102606860074, 0.45814056107492157, 0.3841634853319688]","[0.690952380952381, 0.8252380952380952, 0.8495238095238096]"
1,11,0.3170100251833598,0.8830857690464782,"[0.7401036836884238, 0.4752953621474179, 0.3170100251833598]","[0.7125059894585529, 0.8222328701485385, 0.8830857690464782]"
1,0,0.684937901356641,0.7182576459684893,"[1.0923765880220078, 0.8121105379918042, 0.684937901356641]","[0.5319740500463392, 0.6645041705282669, 0.7182576459684893]"
1,4,0.6702759397380492,0.7279445727482678,"[1.108107980559854, 0.7855037398198071, 0.6702759397380492]","[0.5344110854503464, 0.6854503464203233, 0.7279445727482678]"
1,10,0.4089802941855262,0.8533585619678334,"[0.7510853295817095, 0.6194102672093055, 0.4089802941855262]","[0.7015137180700095, 0.7625354777672658, 0.8533585619678334]"
2,8,0.5848744204550078,0.7571428571428571,"[0.9355343562183958, 0.7271824099800803, 0.5848744204550078]","[0.5938095238095238, 0.6876190476190476, 0.7571428571428571]"
2,12,0.25472323777097644,0.9116101290014333,"[0.5965207363619949, 0.3909570344469764, 0.25472323777097644]","[0.7759197324414716, 0.8557095078834209, 0.9116101290014333]"
2,0,0.5580460499314701,0.7771084337349398,"[0.9782651382334092, 0.6988272675696541, 0.5580460499314701]","[0.5861909175162188, 0.7108433734939759, 0.7771084337349398]"
2,10,0.5479896243880776,0.7970671712393567,"[0.6556928201633341, 0.6878942084663054, 0.5479896243880776]","[0.7776726584673604, 0.738883632923368, 0.7970671712393567]"
2,5,0.6484150202835307,0.7294228949858089,"[0.9574368929161745, 0.8539365863098818, 0.6484150202835307]","[0.6054872280037843, 0.6390728476821192, 0.7294228949858089]"
2,9,0.5420680037050536,0.7778306374881065,"[0.9199742349711332, 0.6919274167581038, 0.5420680037050536]","[0.5975261655566128, 0.7021883920076119, 0.7778306374881065]"
2,3,0.5766468442538205,0.7666975881261595,"[0.9473016156869776, 0.7006396756452673, 0.5766468442538205]","[0.6150278293135436, 0.7101113172541744, 0.7666975881261595]"
2,14,0.26879189456954145,0.8953377735490009,"[0.6126669031200986, 0.34158236555980914, 0.26879189456954145]","[0.7725975261655567, 0.8701236917221694, 0.8953377735490009]"
2,13,0.25891284576871176,0.9085714285714286,"[0.625734213626746, 0.40224596045233985, 0.25891284576871176]","[0.7685714285714286, 0.84, 0.9085714285714286]"
2,4,0.5715373132158729,0.7695150115473441,"[0.9660312445724711, 0.7352176930974511, 0.5715373132158729]","[0.618013856812933, 0.7108545034642032, 0.7695150115473441]"
2,7,0.5642810229099158,0.7773530817009078,"[0.9603283947164362, 0.6969750062985853, 0.5642810229099158]","[0.590539894887721, 0.7118967988533206, 0.7773530817009078]"
2,1,0.5213947208488688,0.7859795728876509,"[0.9158482341205373, 0.6710893599426045, 0.5213947208488688]","[0.6346332404828227, 0.724233983286908, 0.7859795728876509]"
2,6,0.5714254316055414,0.7618591279348347,"[0.985994021097819, 0.6945852203802629, 0.5714254316055414]","[0.5682798275035936, 0.7029228557738381, 0.7618591279348347]"
2,2,0.5463225876583773,0.7824871914299022,"[0.8748604690327364, 0.6998509010847878, 0.5463225876583773]","[0.6530041918956684, 0.7168141592920354, 0.7824871914299022]"
2,11,0.24381577133229285,0.906085289889794,"[0.6322649374152675, 0.39020971005613153, 0.24381577133229285]","[0.7747963584091998, 0.8505031145184475, 0.906085289889794]"
3,12,0.12314818867228249,0.9608217869087434,"[0.5111674079389283, 0.29045040453925275, 0.12314818867228249]","[0.8160535117056856, 0.8963210702341137, 0.9608217869087434]"
3,13,0.189539310381268,0.9328571428571428,"[0.5291528846278335, 0.3332039885448687, 0.189539310381268]","[0.8085714285714286, 0.8761904761904762, 0.9328571428571428]"
3,14,0.16605090925639326,0.9429115128449096,"[0.5107684361212181, 0.279166527318232, 0.16605090925639326]","[0.8192197906755471, 0.8972407231208372, 0.9429115128449096]"
3,4,0.46038757220787163,0.8170900692840647,"[0.8422065079212189, 0.6615806186900419, 0.46038757220787163]","[0.6697459584295612, 0.7418013856812933, 0.8170900692840647]"
3,11,0.16251300546255978,0.9477719214183038,"[0.512118371147098, 0.31393061036413367, 0.16251300546255978]","[0.8136080498322952, 0.8840440824149497, 0.9477719214183038]"
3,3,0.4607846210984623,0.8191094619666048,"[0.8194428629734937, 0.5889347379698473, 0.4607846210984623]","[0.6739332096474954, 0.7606679035250464, 0.8191094619666048]"
3,5,0.6035878667060066,0.7762535477767266,"[0.8528028638923869, 0.7612630865153145, 0.6035878667060066]","[0.652317880794702, 0.6906338694418165, 0.7762535477767266]"
3,6,0.40275308309179364,0.8543363679923335,"[0.8705885301936757, 0.6103936117706876, 0.40275308309179364]","[0.6324868231911835, 0.7484427407762339, 0.8543363679923335]"
3,7,0.43182296283317334,0.8256091734352604,"[0.8464024681033511, 0.6083527984041156, 0.43182296283317334]","[0.6435738174868609, 0.747730530339226, 0.8256091734352604]"
3,0,0.45696721971035004,0.8174235403151066,"[0.8560008722193101, 0.6109847312464434, 0.45696721971035004]","[0.6663577386468953, 0.7479147358665431, 0.8174235403151066]"
3,8,0.4226269600066272,0.8385714285714285,"[0.8402055231007662, 0.605870603611975, 0.4226269600066272]","[0.6476190476190476, 0.7466666666666667, 0.8385714285714285]"
3,2,0.37756169806508455,0.8602701443875175,"[0.8316976831239813, 0.6024032436749515, 0.37756169806508455]","[0.6767582673497904, 0.7633907778295296, 0.8602701443875175]"
3,10,0.3926623779184678,0.8628192999053926,"[0.5453229410683408, 0.48442665750489516, 0.3926623779184678]","[0.8117313150425733, 0.8216650898770104, 0.8628192999053926]"
3,1,0.4174266869530958,0.8361188486536676,"[0.809956803041346, 0.6006433253779131, 0.4174266869530958]","[0.6926648096564532, 0.7595171773444754, 0.8361188486536676]"
3,9,0.3846578697363536,0.8529971455756422,"[0.8040706018606821, 0.5843885477745172, 0.3846578697363536]","[0.6836346336822074, 0.7597526165556613, 0.8529971455756422]"
4,2,0.30325257821994667,0.9012575687005123,"[0.7262249141931534, 0.46577880663030286, 0.30325257821994667]","[0.7130880298090359, 0.8183511877037727, 0.9012575687005123]"
4,11,0.07380807851300095,0.9803545759463345,"[0.449460711443063, 0.1936251028920665, 0.07380807851300095]","[0.8442740776233828, 0.9314805941542884, 0.9803545759463345]"
4,13,0.0734491493327148,0.9809523809523809,"[0.47048997698408185, 0.18868655598524844, 0.0734491493327148]","[0.8385714285714285, 0.9342857142857143, 0.9809523809523809]"
4,8,0.2388078419096542,0.9195238095238095,"[0.7844570748733751, 0.4783513302152807, 0.2388078419096542]","[0.67, 0.8123809523809524, 0.9195238095238095]"
4,3,0.2951846718788147,0.8928571428571429,"[0.7375021156142739, 0.4776396137826583, 0.2951846718788147]","[0.7189239332096475, 0.8140074211502782, 0.8928571428571429]"
4,14,0.10463119038578236,0.9695528068506185,"[0.4387519495053725, 0.22826327789913525, 0.10463119038578236]","[0.8358705994291151, 0.9153187440532826, 0.9695528068506185]"
4,9,0.30416038722702954,0.89058039961941,"[0.7602230933579531, 0.4484923870274515, 0.30416038722702954]","[0.6988582302568982, 0.8249286393910561, 0.89058039961941]"
4,4,0.3123079902108978,0.8882217090069284,"[0.8029856015654171, 0.5657294865916757, 0.3123079902108978]","[0.692378752886836, 0.7782909930715936, 0.8882217090069284]"
4,0,0.32639818244120655,0.8878591288229842,"[0.7890907087746788, 0.5002867176252253, 0.32639818244120655]","[0.6923076923076923, 0.8030583873957368, 0.8878591288229842]"
4,5,0.5576820145635044,0.804162724692526,"[0.7669641112580019, 0.7078238401342841, 0.5576820145635044]","[0.6911069063386944, 0.7161778618732261, 0.804162724692526]"
4,6,0.2828688732150829,0.898418782942022,"[0.7775462125286912, 0.4967383995200648, 0.2828688732150829]","[0.6851940584571155, 0.8040249161475802, 0.898418782942022]"
4,12,0.07360423909443797,0.978021978021978,"[0.43995828249237756, 0.18768199894464377, 0.07360423909443797]","[0.8380315336837076, 0.9326325848064978, 0.978021978021978]"
4,7,0.2697646103122018,0.9101767797419972,"[0.7649419614762971, 0.5079043787537199, 0.2697646103122018]","[0.6961299569995222, 0.8031533683707597, 0.9101767797419972]"
4,10,0.48083940674276915,0.8509933774834437,"[0.43271255536991005, 0.3094651631134398, 0.48083940674276915]","[0.8491012298959318, 0.8959318826868495, 0.8509933774834437]"
4,1,0.26565655583844466,0.9117920148560817,"[0.7052205082248238, 0.4384560076629414, 0.26565655583844466]","[0.7311977715877437, 0.8347260909935005, 0.9117920148560817]"
5,12,0.0538795225209359,0.9827998088867654,"[0.34291698625593475, 0.13658275895498015, 0.0538795225209359]","[0.8762541806020067, 0.9522216913521261, 0.9827998088867654]"
5,4,0.1917847905527143,0.9367205542725173,"[0.6922331066692576, 0.4148878735654494, 0.1917847905527143]","[0.7491916859122402, 0.8517321016166282, 0.9367205542725173]"
5,0,0.14660427927532615,0.9573679332715477,"[0.6766438405303394, 0.3797527871587697, 0.14660427927532615]","[0.7363299351251158, 0.8549582947173309, 0.9573679332715477]"
5,3,0.12806210688808384,0.9633580705009277,"[0.6364545936093611, 0.3992942054482067, 0.12806210688808384]","[0.762987012987013, 0.8534322820037106, 0.9633580705009277]"
5,13,0.033316568273938064,0.9947619047619047,"[0.42872251525069727, 0.13417902701731885, 0.033316568273938064]","[0.8447619047619047, 0.9566666666666667, 0.9947619047619047]"
5,11,0.035290336490354755,0.9928126497364638,"[0.37517810770959564, 0.11905787444927475, 0.035290336490354755]","[0.8620028749401054, 0.9645424053665549, 0.9928126497364638]"
5,2,0.1271559852449333,0.9655333022822543,"[0.6209736483938554, 0.3250584484023206, 0.1271559852449333]","[0.7573358174196554, 0.8868188169538892, 0.9655333022822543]"
5,10,0.24884230205241373,0.9380321665089877,"[0.3667672136250664, 0.2723679170012474, 0.24884230205241373]","[0.8902554399243141, 0.9181646168401135, 0.9380321665089877]"
5,8,0.028497772333635527,0.9947619047619047,"[0.08364297139147918, 0.047156873836436054, 0.028497772333635527]","[0.9761904761904762, 0.9871428571428571, 0.9947619047619047]"
5,7,0.09832596358363375,0.9584328714763497,"[0.1607575723619172, 0.1518228996657964, 0.09832596358363375]","[0.9426660296225514, 0.9503105590062112, 0.9584328714763497]"
5,5,0.16831831409431555,0.9839167455061495,"[0.48826683093519774, 0.3483253011808676, 0.16831831409431555]","[0.8145695364238411, 0.8741721854304636, 0.9839167455061495]"
5,14,0.03943231888115406,0.9900095147478591,"[0.4120113334872506, 0.16434253571611462, 0.03943231888115406]","[0.8539486203615604, 0.939581351094196, 0.9900095147478591]"
5,1,0.18225996601669228,0.9433611884865367,"[0.6459106829236535, 0.3480899404076969, 0.18225996601669228]","[0.7520891364902507, 0.8769730733519034, 0.9433611884865367]"
5,9,0.005165714435420479,1.0,"[0.08913603933020071, 0.02003095005497788, 0.005165714435420479]","[0.9766888677450047, 0.9985727878211227, 1.0]"
5,6,0.023044428999789736,0.9952084331576425,"[0.19132887842980298, 0.066134381644202, 0.023044428999789736]","[0.9353138476281744, 0.9808337326305702, 0.9952084331576425]"
6,12,0.01696879251606085,0.9966555183946488,"[0.3264053888393171, 0.06343025409362534, 0.01696879251606085]","[0.8786430960344004, 0.9813664596273292, 0.9966555183946488]"
6,0,0.1086808045339935,0.9721964782205746,"[0.6121823831516153, 0.2694094014518401, 0.1086808045339935]","[0.7673772011121409, 0.9105653382761817, 0.9721964782205746]"
6,14,0.016198075531671446,0.9976213130352045,"[0.2933574641744296, 0.06897834575537479, 0.016198075531671446]","[0.8939105613701237, 0.9804947668886774, 0.9976213130352045]"
6,10,0.474505228593069,0.8448438978240302,"[0.26129070548888517, 0.10595511009587961, 0.474505228593069]","[0.9205298013245033, 0.9933774834437086, 0.8448438978240302]"
6,11,0.03008402804985191,0.9928126497364638,"[0.31880655658967566, 0.07903372987427494, 0.03008402804985191]","[0.8864398658361284, 0.9793962625778629, 0.9928126497364638]"
6,13,0.0217211094374458,0.9961904761904762,"[0.35755682036732184, 0.08127346251047018, 0.0217211094374458]","[0.8709523809523809, 0.9785714285714285, 0.9961904761904762]"
6,4,0.08893603459000587,0.976905311778291,"[0.6456129936610951, 0.30264050294371214, 0.08893603459000587]","[0.7501154734411085, 0.8882217090069284, 0.976905311778291]"
6,8,0.0020848676089592504,1.0,"[0.005830643825571646, 0.00378396825610914, 0.0020848676089592504]","[1.0, 1.0, 1.0]"
6,2,0.05182718425331747,0.9911504424778761,"[0.5981012609075097, 0.2243905060869806, 0.05182718425331747]","[0.7829529576152772, 0.9259431765253843, 0.9911504424778761]"
6,3,0.08507158733246957,0.9768089053803339,"[0.5692266900749767, 0.24671771333498113, 0.08507158733246957]","[0.7884972170686456, 0.9188311688311688, 0.9768089053803339]"
6,1,0.07733873869566356,0.9805013927576601,"[0.6043528151862761, 0.26982983596184673, 0.07733873869566356]","[0.7697307335190343, 0.904363974001857, 0.9805013927576601]"
6,5,0.10288614741362193,0.9716177861873226,"[0.2378134258529719, 0.5145961414365208, 0.10288614741362193]","[0.9560075685903501, 0.8192999053926207, 0.9716177861873226]"
6,6,0.005206526045433499,0.9990416866315285,"[0.006827806831676175, 0.004059667155767481, 0.005206526045433499]","[1.0, 0.9995208433157643, 0.9990416866315285]"
6,9,0.0015874786785747292,1.0,"[0.0031675164425519833, 0.0019323048905017927, 0.0015874786785747292]","[1.0, 1.0, 1.0]"
6,7,0.005814368399142316,0.9995222169135213,"[0.053240336223759434, 0.019762929705338494, 0.005814368399142316]","[0.9827998088867654, 0.9971333014811276, 0.9995222169135213]"
7,6,0.0012545864676322901,1.0,"[0.002317988883464061, 0.0012683340208957707, 0.0012545864676322901]","[1.0, 1.0, 1.0]"
7,4,0.04921623231733546,0.9879907621247113,"[0.628730726592681, 0.21520660598488414, 0.04921623231733546]","[0.7704387990762125, 0.9330254041570438, 0.9879907621247113]"
7,9,0.0013206387035703908,1.0,"[0.0018158768917518582, 0.0011278555982492187, 0.0013206387035703908]","[1.0, 1.0, 1.0]"
7,1,0.03500085039173856,0.9921077065923862,"[0.5027068480849266, 0.17843946244786768, 0.03500085039173856]","[0.8105849582172702, 0.9410399257195915, 0.9921077065923862]"
7,7,0.0010438722780567002,1.0,"[0.0022162978667906964, 0.00142937966544802, 0.0010438722780567002]","[1.0, 1.0, 1.0]"
7,11,0.020446289768160292,0.996166746526114,"[0.2745714589501872, 0.0965245867881811, 0.020446289768160292]","[0.902252036415908, 0.9698131288931481, 0.996166746526114]"
7,14,0.0161313737149943,0.9966698382492863,"[0.24809338716846524, 0.05663085525686091, 0.0161313737149943]","[0.9124643196955281, 0.9833491912464319, 0.9966698382492863]"
7,12,0.012234532507136464,0.9995222169135213,"[0.2576448680324988, 0.06358197212896564, 0.012234532507136464]","[0.9087434304825609, 0.9794553272814143, 0.9995222169135213]"
7,0,0.05862827867488651,0.9860982391102873,"[0.5350900388815824, 0.17350689080708168, 0.05862827867488651]","[0.7956441149212233, 0.9392956441149212, 0.9860982391102873]"
7,2,0.044712921111460996,0.9934792734047508,"[0.5093839747064254, 0.19856641003314188, 0.044712921111460996]","[0.8164881229622729, 0.9333954354913834, 0.9934792734047508]"
7,8,0.0010846580615069604,1.0,"[0.0011472717654242208, 0.0010393993932556248, 0.0010846580615069604]","[1.0, 1.0, 1.0]"
7,5,0.2527104651226717,0.9210028382213813,"[0.05044887231334167, 0.5155844138387371, 0.2527104651226717]","[0.9990539262062441, 0.8349101229895932, 0.9210028382213813]"
7,13,0.028979602185162632,0.9928571428571429,"[0.3009657999782851, 0.0759319740940224, 0.028979602185162632]","[0.8985714285714286, 0.98, 0.9928571428571429]"
7,10,0.09981081722413793,0.9924314096499527,"[0.1562611554913661, 0.15348667120013168, 0.09981081722413793]","[0.9881740775780511, 0.9526963103122044, 0.9924314096499527]"
7,3,0.06469710735494599,0.9814471243042672,"[0.5200101952342426, 0.19773904321824803, 0.06469710735494599]","[0.8089053803339518, 0.936456400742115, 0.9814471243042672]"
8,10,0.10093646522556596,0.9952696310312205,"[0.40719081943525987, 0.21285767579341636, 0.10093646522556596]","[0.8779564806054873, 0.9408703878902555, 0.9952696310312205]"
8,9,0.0007940712124708983,1.0,"[0.0010383805898582618, 0.0010067538956222547, 0.0007940712124708983]","[1.0, 1.0, 1.0]"
8,14,0.011138714440731388,0.9980970504281637,"[0.22831030810872713, 0.04089080559259111, 0.011138714440731388]","[0.922930542340628, 0.9881065651760228, 0.9980970504281637]"
8,11,0.014223765193795165,0.9971250598945856,"[0.24675879130760828, 0.06457128804741484, 0.014223765193795165]","[0.9123143267848587, 0.9798754192620988, 0.9971250598945856]"
8,3,0.05151631806374473,0.9874768089053804,"[0.46762015451403227, 0.2430340145878932, 0.05151631806374473]","[0.827922077922078, 0.9128014842300557, 0.9874768089053804]"
8,2,0.029951166306786677,0.9953423381462506,"[0.4463475780451999, 0.18299800398595192, 0.029951166306786677]","[0.8407079646017699, 0.9310666045645086, 0.9953423381462506]"
8,13,0.023190814648952448,0.9966666666666667,"[0.25375575346477103, 0.09228535123508085, 0.023190814648952448]","[0.9142857142857143, 0.9666666666666667, 0.9966666666666667]"
8,0,0.04983382140669752,0.9860982391102873,"[0.48027784596471224, 0.18245695180752697, 0.04983382140669752]","[0.8225208526413346, 0.9388322520852641, 0.9860982391102873]"
8,5,0.26943342398632975,0.9484389782403028,"[0.35324499120607095, 0.2729401381357628, 0.26943342398632975]","[0.9068117313150426, 0.9195837275307474, 0.9484389782403028]"
8,6,0.0006219690425716566,1.0,"[0.0008811448139815845, 0.0008225785744743365, 0.0006219690425716566]","[1.0, 1.0, 1.0]"
8,12,0.011863023190843787,0.9995222169135213,"[0.18963193272550902, 0.044705154402463726, 0.011863023190843787]","[0.9369326325848065, 0.9875776397515528, 0.9995222169135213]"
8,7,0.0009117466327028744,1.0,"[0.0010975613849675, 0.0008829087504030516, 0.0009117466327028744]","[1.0, 1.0, 1.0]"
8,1,0.038541327066281265,0.9911792014856081,"[0.44070982231813316, 0.13468078885446577, 0.038541327066281265]","[0.8440111420612814, 0.9568245125348189, 0.9911792014856081]"
8,8,0.0006915076395891832,1.0,"[0.0007624768177541255, 0.0007418965255827502, 0.0006915076395891832]","[1.0, 1.0, 1.0]"
8,4,0.030748505090527675,0.9953810623556582,"[0.5436334268135183, 0.16487480546621716, 0.030748505090527675]","[0.8013856812933026, 0.9505773672055428, 0.9953810623556582]"
9,8,0.0005205954247768121,1.0,"[0.0005801175218287178, 0.0005078239249114906, 0.0005205954247768121]","[1.0, 1.0, 1.0]"
9,13,0.012789210988998864,0.9966666666666667,"[0.20938783556674467, 0.038461890748955986, 0.012789210988998864]","[0.9257142857142857, 0.9895238095238095, 0.9966666666666667]"
9,9,0.00048563236310711187,1.0,"[0.0007707484412204587, 0.0006106082415278776, 0.00048563236310711187]","[1.0, 1.0, 1.0]"
9,10,0.015556829967809951,0.9990539262062441,"[0.29177729062297764, 0.04090739853734918, 0.015556829967809951]","[0.9030274361400189, 0.9929044465468306, 0.9990539262062441]"
9,5,0.01719582755365135,0.9976348155156102,"[0.15661598888554557, 0.12981259368140907, 0.01719582755365135]","[0.9602649006622517, 0.9635761589403974, 0.9976348155156102]"
9,14,0.028064389127504193,0.9923882017126546,"[0.15619234085986108, 0.07385131615129384, 0.028064389127504193]","[0.9457659372026641, 0.9762131303520457, 0.9923882017126546]"
9,2,0.02951006418751443,0.9948765719608756,"[0.35997383690932216, 0.14810006966923966, 0.02951006418751443]","[0.8686539357242664, 0.9450395901257569, 0.9948765719608756]"
9,11,0.006352395101478605,1.0,"[0.12296783641883821, 0.021715977497285967, 0.006352395101478605]","[0.9592716818399617, 0.9952084331576425, 1.0]"
9,1,0.03291744212893879,0.9916434540389972,"[0.3735379180049195, 0.148670053219094, 0.03291744212893879]","[0.8662952646239555, 0.9507892293407614, 0.9916434540389972]"
9,0,0.030080209540970185,0.9958294717330862,"[0.3976681320106282, 0.17142689929288976, 0.030080209540970185]","[0.8484708063021316, 0.9369786839666358, 0.9958294717330862]"
9,3,0.045275310629650074,0.9897959183673469,"[0.36422960284878225, 0.1577403126832317, 0.045275310629650074]","[0.8631725417439703, 0.9424860853432282, 0.9897959183673469]"
9,12,0.0126558677081696,0.9971333014811276,"[0.15202456295038713, 0.05222427928255814, 0.0126558677081696]","[0.9464882943143813, 0.9827998088867654, 0.9971333014811276]"
9,7,0.00038929807091004807,1.0,"[0.000513214302676109, 0.0006084718069442632, 0.00038929807091004807]","[1.0, 1.0, 1.0]"
9,4,0.027349185061586255,0.9953810623556582,"[0.4096178561449051, 0.13745873268036282, 0.027349185061586255]","[0.8554272517321017, 0.953810623556582, 0.9953810623556582]"
9,6,0.0004789157943433207,1.0,"[0.0007448579677712229, 0.0006231086603789167, 0.0004789157943433207]","[1.0, 1.0, 1.0]"
10,4,0.039818067815812194,0.9898383371824481,"[0.346104259000105, 0.14679191524491592, 0.039818067815812194]","[0.877136258660508, 0.9491916859122402, 0.9898383371824481]"
10,1,0.04642427534631947,0.989786443825441,"[0.2414998484446722, 0.1342179022510262, 0.04642427534631947]","[0.9131847725162489, 0.9558960074280408, 0.989786443825441]"
10,14,0.01112145930175867,0.9985727878211227,"[0.09136237542737614, 0.026336788340951458, 0.01112145930175867]","[0.9686013320647003, 0.9933396764985728, 0.9985727878211227]"
10,13,0.010637239616533572,0.9980952380952381,"[0.12099557590078223, 0.028114162018579063, 0.010637239616533572]","[0.959047619047619, 0.9933333333333333, 0.9980952380952381]"
10,2,0.04811353732229156,0.9874243129948765,"[0.24449040127151153, 0.1403900800163255, 0.04811353732229156]","[0.912435957149511, 0.9501630181648812, 0.9874243129948765]"
10,12,0.013727805633662325,0.9971333014811276,"[0.12771600992842155, 0.035528003703802824, 0.013727805633662325]","[0.957955088389871, 0.9880554228380315, 0.9971333014811276]"
10,9,0.00045368133887126476,1.0,"[0.00042010806844866073, 0.0005872206101864294, 0.00045368133887126476]","[1.0, 1.0, 1.0]"
10,6,0.00043260852301803726,1.0,"[0.0005236784874630922, 0.0005167867387750779, 0.00043260852301803726]","[1.0, 1.0, 1.0]"
10,10,0.23312555801342516,0.923368022705771,"[0.020127829510088572, 0.1656961487058331, 0.23312555801342516]","[0.9990539262062441, 0.9602649006622517, 0.923368022705771]"
10,0,0.03263551350135137,0.9911955514365153,"[0.3050106097670162, 0.12935595499242053, 0.03263551350135137]","[0.8943466172381835, 0.9531974050046339, 0.9911955514365153]"
10,3,0.05158345554681385,0.9865491651205937,"[0.2610117177314618, 0.18265806828789852, 0.05158345554681385]","[0.9165120593692022, 0.9355287569573284, 0.9865491651205937]"
10,5,0.034811586675727195,0.9995269631031221,"[0.02010901232578737, 0.004804007383748232, 0.034811586675727195]","[0.9966887417218543, 0.9990539262062441, 0.9995269631031221]"
10,11,0.004840473602102561,0.9995208433157643,"[0.09020319222613718, 0.011896801900795916, 0.004840473602102561]","[0.9750838524197413, 0.9980833732630571, 0.9995208433157643]"
10,7,0.0004119775897407001,1.0,"[0.0005934423706176775, 0.0005525807593419978, 0.0004119775897407001]","[1.0, 1.0, 1.0]"
10,8,0.0004013214435844654,1.0,"[0.0005105111411081232, 0.00046157125942761814, 0.0004013214435844654]","[1.0, 1.0, 1.0]"
11,14,0.00490002690419329,0.9995242626070409,"[0.08798936534334313, 0.01346201695868689, 0.00490002690419329]","[0.972407231208373, 0.9985727878211227, 0.9995242626070409]"
11,5,0.16847119310542064,0.9465468306527909,"[0.5925253092804376, 0.10364342204240315, 0.16847119310542064]","[0.8202459791863765, 0.9848628192999054, 0.9465468306527909]"
11,7,0.00033583769144377476,1.0,"[0.00034494699194152474, 0.0005078156051846842, 0.00033583769144377476]","[1.0, 1.0, 1.0]"
11,6,0.0005133836755042219,1.0,"[0.00045419327568996584, 0.0003909077213117571, 0.0005133836755042219]","[1.0, 1.0, 1.0]"
11,8,0.0003334669077462009,1.0,"[0.0003146759594197978, 0.0004528815898635058, 0.0003334669077462009]","[1.0, 1.0, 1.0]"
11,10,0.13990591822520776,0.967833491012299,"[0.055188053753226995, 0.0845307535971241, 0.13990591822520776]","[0.9853358561967833, 0.9981078524124882, 0.967833491012299]"
11,3,0.07774381355985123,0.9758812615955473,"[0.18568140443633585, 0.1624519957558197, 0.07774381355985123]","[0.9392393320964749, 0.9434137291280148, 0.9758812615955473]"
11,4,0.041431825991500824,0.9921478060046189,"[0.2938540794831865, 0.1575025161180426, 0.041431825991500824]","[0.8965357967667437, 0.9418013856812933, 0.9921478060046189]"
11,1,0.0365013557157534,0.9907149489322191,"[0.15749061633558833, 0.08614535092869226, 0.0365013557157534]","[0.9507892293407614, 0.9712163416898792, 0.9907149489322191]"
11,0,0.05008448548067142,0.9874884151992586,"[0.22153243488248656, 0.21137220565887058, 0.05008448548067142]","[0.9286376274328082, 0.9202965708989805, 0.9874884151992586]"
11,11,0.01238253623402367,0.9976042165788213,"[0.12622968581589786, 0.041244682489019455, 0.01238253623402367]","[0.9578342117872545, 0.9885002395783421, 0.9976042165788213]"
11,2,0.0979151242029141,0.9683278993945039,"[0.17914708900977583, 0.13844811697216594, 0.0979151242029141]","[0.9417792268281323, 0.952491849091756, 0.9683278993945039]"
11,13,0.018675804519179193,0.9957142857142857,"[0.0920631978378603, 0.05543983722049178, 0.018675804519179193]","[0.9709523809523809, 0.9833333333333333, 0.9957142857142857]"
11,12,0.020783342505720528,0.9942666029622551,"[0.08027520332711213, 0.03875009124308373, 0.020783342505720528]","[0.9737219302436694, 0.9875776397515528, 0.9942666029622551]"
11,9,0.00030941416634684146,1.0,"[0.00036768451955691546, 0.00041401440147169387, 0.00030941416634684146]","[1.0, 1.0, 1.0]"
12,2,0.049725413514191616,0.9827666511411272,"[0.10136161459719434, 0.04818489822997328, 0.049725413514191616]","[0.9720540288775035, 0.9869585468095017, 0.9827666511411272]"
12,8,0.0003562715529838125,1.0,"[0.00038365867922865703, 0.00034873145098875585, 0.0003562715529838125]","[1.0, 1.0, 1.0]"
12,6,0.0003369624204369205,1.0,"[0.00034532774478782704, 0.0002782389139721283, 0.0003369624204369205]","[1.0, 1.0, 1.0]"
12,12,0.011035364844384745,0.9976110845676063,"[0.0644659824443586, 0.007052424183877354, 0.011035364844384745]","[0.9832775919732442, 0.9995222169135213, 0.9976110845676063]"
12,11,0.006563641423726398,0.9976042165788213,"[0.0676681339797197, 0.008282029898978319, 0.006563641423726398]","[0.9822712026832774, 0.9990416866315285, 0.9976042165788213]"
12,4,0.046695037114927,0.9879907621247113,"[0.159812075250289, 0.164916899493512, 0.046695037114927]","[0.9459584295612009, 0.9413394919168592, 0.9879907621247113]"
12,13,0.02151835272370866,0.9947619047619047,"[0.09987790577790955, 0.03499721955846657, 0.02151835272370866]","[0.9676190476190476, 0.9885714285714285, 0.9947619047619047]"
12,14,0.0033154324222722967,1.0,"[0.07534371372876746, 0.010501339707072035, 0.0033154324222722967]","[0.9752616555661275, 0.9990485252140818, 1.0]"
12,1,0.0712937319322544,0.9740018570102136,"[0.10838831479058546, 0.07437197102562469, 0.0712937319322544]","[0.9647168059424327, 0.9707520891364902, 0.9740018570102136]"
12,9,0.00035712278093507683,1.0,"[0.0003985770255729387, 0.00041652624768727094, 0.00035712278093507683]","[1.0, 1.0, 1.0]"
12,10,0.020203586955390433,0.9952696310312205,"[0.2773004355292548, 0.24051443155964508, 0.020203586955390433]","[0.9583727530747398, 0.9328287606433302, 0.9952696310312205]"
12,5,0.031950006247772014,0.9971617786187322,"[0.08887958386912942, 0.18960321606958613, 0.031950006247772014]","[0.9957426679280984, 0.9408703878902555, 0.9971617786187322]"
12,3,0.029032045112484518,0.9916512059369202,"[0.08667492450160139, 0.050525976509294086, 0.029032045112484518]","[0.9758812615955473, 0.9865491651205937, 0.9916512059369202]"
12,0,0.060886062736458635,0.9810009267840594,"[0.15960588295231848, 0.19825892731109085, 0.060886062736458635]","[0.943466172381835, 0.9337349397590361, 0.9810009267840594]"
12,7,0.0004786088598352349,1.0,"[0.00029459138397324944, 0.0003344382547022013, 0.0004786088598352349]","[1.0, 1.0, 1.0]"
13,1,0.00502255475764875,0.999535747446611,"[0.04566716372638064, 0.015214925070348032, 0.00502255475764875]","[0.9921077065923862, 0.9972144846796658, 0.999535747446611]"
13,13,0.0022191903289322827,1.0,"[0.04409697356944283, 0.006671826139967324, 0.0022191903289322827]","[0.9885714285714285, 1.0, 1.0]"
13,9,0.0003865970850738725,1.0,"[0.00034802362598852733, 0.0002619204513559287, 0.0003865970850738725]","[1.0, 1.0, 1.0]"
13,6,0.00021438974164828488,1.0,"[0.00037670516118823525, 0.0003621049560906337, 0.00021438974164828488]","[1.0, 1.0, 1.0]"
13,14,0.001962460556321523,1.0,"[0.06576808124329105, 0.00902519442112834, 0.001962460556321523]","[0.9790675547098002, 0.9990485252140818, 1.0]"
13,4,0.010725172003731132,0.9976905311778291,"[0.051369410665596235, 0.018990481313427583, 0.010725172003731132]","[0.9916859122401848, 0.9958429561200923, 0.9976905311778291]"
13,7,0.0002855080454151682,1.0,"[0.0002996011802072947, 0.0003790243157929967, 0.0002855080454151682]","[1.0, 1.0, 1.0]"
13,8,0.00025315552612124577,1.0,"[0.00031380890604023904, 0.00033481285605706614, 0.00025315552612124577]","[1.0, 1.0, 1.0]"
13,12,0.004004663039901943,1.0,"[0.0478351561239723, 0.008687821788374673, 0.004004663039901943]","[0.985188724319159, 0.9985666507405638, 1.0]"
13,2,0.005114160875296768,0.999534233814625,"[0.03789129924467381, 0.013858898803043892, 0.005114160875296768]","[0.9939450395901258, 0.9981369352585002, 0.999534233814625]"
13,10,0.165258981698357,0.9574266792809839,"[0.01332106186515268, 0.07239397280329071, 0.165258981698357]","[0.9990539262062441, 0.9976348155156102, 0.9574266792809839]"
13,11,0.00815145186656578,0.9990416866315285,"[0.07431337358712246, 0.014791831656387358, 0.00815145186656578]","[0.9770004791566842, 0.9976042165788213, 0.9990416866315285]"
13,0,0.03169402600649525,0.9921223354958295,"[0.06588474168058704, 0.0336018303025733, 0.03169402600649525]","[0.9814643188137164, 0.9902687673772012, 0.9921223354958295]"
13,3,0.01375155318665373,0.9976808905380334,"[0.04324496859301101, 0.028580740203752238, 0.01375155318665373]","[0.9916512059369202, 0.9925788497217068, 0.9976808905380334]"
13,5,0.025894316632355398,0.9957426679280984,"[0.15181974438703894, 0.13419376779347658, 0.025894316632355398]","[0.9900662251655629, 0.9593188268684958, 0.9957426679280984]"
14,8,0.0002822502790491633,1.0,"[0.0003250434833303602, 0.000275750625763921, 0.0002822502790491633]","[1.0, 1.0, 1.0]"
14,7,0.0006350446033827735,1.0,"[0.00020432567830677286, 0.0002245973918241251, 0.0006350446033827735]","[1.0, 1.0, 1.0]"
14,3,0.003910799942198484,1.0,"[0.024505977559944287, 0.005577461294117658, 0.003910799942198484]","[0.9958256029684601, 1.0, 1.0]"
14,14,0.0025122242672792213,1.0,"[0.04216546548361128, 0.006781048582387016, 0.0025122242672792213]","[0.9881065651760228, 0.9995242626070409, 1.0]"
14,5,0.019596187836107087,0.9947965941343425,"[0.009718610353850047, 0.010500651678097817, 0.019596187836107087]","[0.9990539262062441, 0.9990539262062441, 0.9947965941343425]"
14,4,0.0045672599739833356,1.0,"[0.03916925991721013, 0.012143584481878755, 0.0045672599739833356]","[0.9921478060046189, 0.9990762124711317, 1.0]"
14,11,0.004054136900584016,0.9995208433157643,"[0.039090394070654205, 0.007593245309015567, 0.004054136900584016]","[0.9870627695256349, 0.9990416866315285, 0.9995208433157643]"
14,10,0.18215947455781348,0.9578997161778618,"[0.018712276586002725, 0.03841287168496124, 0.18215947455781348]","[0.9976348155156102, 0.9990539262062441, 0.9578997161778618]"
14,9,0.00024126571665736705,1.0,"[0.0004095437391449443, 0.00028308111403462, 0.00024126571665736705]","[1.0, 1.0, 1.0]"
14,13,0.0046739176631848695,0.9995238095238095,"[0.03620592064478181, 0.0029315852567158413, 0.0046739176631848695]","[0.99, 1.0, 0.9995238095238095]"
14,1,0.024907199638512206,0.9930362116991643,"[0.04714085580781102, 0.028322162490118954, 0.024907199638512206]","[0.9856081708449397, 0.9916434540389972, 0.9930362116991643]"
14,0,0.007091657727655461,0.9995366079703429,"[0.051148715155089605, 0.013976836357923114, 0.007091657727655461]","[0.9856348470806302, 0.9981464318813716, 0.9995366079703429]"
14,12,0.002345546270424331,1.0,"[0.05878821327915472, 0.004337481332406627, 0.002345546270424331]","[0.9818442427138079, 1.0, 1.0]"
14,2,0.0033934477285262853,1.0,"[0.029456303057753864, 0.0068840813268359535, 0.0033934477285262853]","[0.9958081043316255, 0.999534233814625, 1.0]"
14,6,0.0002131170798692796,1.0,"[0.00018614823718301275, 0.00020887788295195523, 0.0002131170798692796]","[1.0, 1.0, 1.0]"
15,9,0.00020899421426954424,1.0,"[0.0002773122744684136, 0.00026662531044249505, 0.00020899421426954424]","[1.0, 1.0, 1.0]"
15,13,0.0024446674559096045,1.0,"[0.03383647537592686, 0.0031873489109178386, 0.0024446674559096045]","[0.9933333333333333, 1.0, 1.0]"
15,14,0.00857696501947375,0.9985727878211227,"[0.028466432214234814, 0.005135464183915632, 0.00857696501947375]","[0.9923882017126546, 0.9995242626070409, 0.9985727878211227]"
15,4,0.006517551651032751,1.0,"[0.03630286323673585, 0.016290896154447076, 0.006517551651032751]","[0.9921478060046189, 0.997228637413395, 1.0]"
15,5,0.019789478573811185,0.9947965941343425,"[0.005991047677953783, 0.006764633572482339, 0.019789478573811185]","[0.9995269631031221, 0.9995269631031221, 0.9947965941343425]"
15,12,0.011005895752036437,0.9961777353081701,"[0.047279320558476626, 0.017271651445436433, 0.011005895752036437]","[0.9847109412326803, 0.9961777353081701, 0.9961777353081701]"
15,10,0.007812446137369775,0.9990539262062441,"[0.16340617768754087, 0.05404546020059463, 0.007812446137369775]","[0.9924314096499527, 0.97918637653737, 0.9990539262062441]"
15,2,0.005241752475472715,0.999534233814625,"[0.029416390653590068, 0.007814534939825535, 0.005241752475472715]","[0.9925477410340009, 0.9990684676292502, 0.999534233814625]"
15,8,0.0002735119331081285,1.0,"[0.00024447048935778156, 0.00026629387072964823, 0.0002735119331081285]","[1.0, 1.0, 1.0]"
15,3,0.0035022735366296463,1.0,"[0.02445271490689586, 0.009192723178249948, 0.0035022735366296463]","[0.9972170686456401, 0.9990723562152134, 1.0]"
15,0,0.00412388686912463,0.9995366079703429,"[0.022379006964483243, 0.0060559143791632615, 0.00412388686912463]","[0.994902687673772, 1.0, 0.9995366079703429]"
15,11,0.00235702480528165,1.0,"[0.042751697527075354, 0.008043564827830502, 0.00235702480528165]","[0.9880210828941064, 0.9985625299472928, 1.0]"
15,7,0.0002396194529754928,1.0,"[0.00024293272034617874, 0.00021849917340494523, 0.0002396194529754928]","[1.0, 1.0, 1.0]"
15,1,0.0030245947076336425,1.0,"[0.024090662708177286, 0.004865347513901617, 0.0030245947076336425]","[0.9962859795728877, 1.0, 1.0]"
15,6,0.00019113403510401082,1.0,"[0.0002803650486660472, 0.00021503448718276834, 0.00019113403510401082]","[1.0, 1.0, 1.0]"
16,12,0.001579703976555417,1.0,"[0.02693611693173421, 0.005561897294793391, 0.001579703976555417]","[0.9933110367892977, 0.9990444338270426, 1.0]"
16,6,0.00018622073901386818,1.0,"[0.0002029108811367416, 0.00017347719866930592, 0.00018622073901386818]","[1.0, 1.0, 1.0]"
16,3,0.018731832867214346,0.9962894248608535,"[0.02290151607902611, 0.010913463254623553, 0.018731832867214346]","[0.9939703153988868, 0.9981447124304267, 0.9962894248608535]"
16,8,0.00017644550296774304,1.0,"[0.00021388692138399082, 0.0004324772519546307, 0.00017644550296774304]","[1.0, 1.0, 1.0]"
16,2,0.0021994294742505778,1.0,"[0.021691486568135375, 0.005893113564097267, 0.0021994294742505778]","[0.9967396367023754, 0.999534233814625, 1.0]"
16,4,0.0028232359704013694,1.0,"[0.02032078690279056, 0.00361178710933446, 0.0028232359704013694]","[0.9967667436489608, 1.0, 1.0]"
16,9,0.00021125896212955317,1.0,"[0.00026319598890206015, 0.0003022204601262329, 0.00021125896212955317]","[1.0, 1.0, 1.0]"
16,7,0.00034694535420523164,1.0,"[0.00022831951531715634, 0.0002105349454778303, 0.00034694535420523164]","[1.0, 1.0, 1.0]"
16,10,0.01588042177643408,0.9976348155156102,"[0.035599078342784196, 0.1455471223932417, 0.01588042177643408]","[0.9985808893093662, 0.9550614947965941, 0.9976348155156102]"
16,13,0.0016107546786467235,1.0,"[0.028603718129240653, 0.005121727451103542, 0.0016107546786467235]","[0.9942857142857143, 0.9995238095238095, 1.0]"
16,1,0.005413518064682756,0.999535747446611,"[0.02799445922787794, 0.009501254535280168, 0.005413518064682756]","[0.9953574744661096, 0.9986072423398329, 0.999535747446611]"
16,14,0.0021045509104927382,1.0,"[0.02089894453599823, 0.002323317858319955, 0.0021045509104927382]","[0.9961941008563273, 1.0, 1.0]"
16,0,0.002257097575827228,1.0,"[0.020455408834523577, 0.004451788263395429, 0.002257097575827228]","[0.9972196478220574, 1.0, 1.0]"
16,5,0.0014049774575088283,1.0,"[0.002993259618319023, 0.0023047575900016133, 0.0014049774575088283]","[1.0, 1.0, 1.0]"
16,11,0.0017731920569062684,1.0,"[0.026183915663171898, 0.007305832145820287, 0.0017731920569062684]","[0.9932918064206996, 0.9990416866315285, 1.0]"
17,14,0.0014602343946921103,1.0,"[0.021573417424929863, 0.0028119148707694626, 0.0014602343946921103]","[0.9966698382492863, 1.0, 1.0]"
17,8,0.00015148494298266473,1.0,"[0.00017728835022849538, 0.00015123340794657864, 0.00015148494298266473]","[1.0, 1.0, 1.0]"
17,10,0.020115756987840596,0.9971617786187322,"[0.032157404512605244, 0.15034213878543062, 0.020115756987840596]","[0.9985808893093662, 0.9602649006622517, 0.9971617786187322]"
17,5,0.0013963466806350933,1.0,"[0.0016913897732806886, 0.0012477122731712263, 0.0013963466806350933]","[1.0, 1.0, 1.0]"
17,0,0.002136503457543714,1.0,"[0.01379714095417191, 0.0031069843406679436, 0.002136503457543714]","[0.9981464318813716, 1.0, 1.0]"
17,11,0.001248696821593595,1.0,"[0.01780441816134209, 0.003144606401099626, 0.001248696821593595]","[0.9971250598945856, 1.0, 1.0]"
17,6,0.0001581855493978682,1.0,"[0.0002562612286110931, 0.0002259713512489036, 0.0001581855493978682]","[1.0, 1.0, 1.0]"
17,2,0.0016442565658294102,1.0,"[0.014439334305386771, 0.0033712355652824044, 0.0016442565658294102]","[0.9990684676292502, 1.0, 1.0]"
17,1,0.0018818837758290635,1.0,"[0.016105267294572994, 0.002528816745753455, 0.0018818837758290635]","[0.9962859795728877, 1.0, 1.0]"
17,4,0.0019245771365925012,1.0,"[0.01727286589277141, 0.003955238443963668, 0.0019245771365925012]","[0.9981524249422633, 1.0, 1.0]"
17,3,0.004590573169373195,0.9995361781076066,"[0.017287500928539562, 0.004911516132244074, 0.004590573169373195]","[0.9981447124304267, 0.9995361781076066, 0.9995361781076066]"
17,7,0.00015053953558725135,1.0,"[0.00022732078375129, 0.00021438078053479055, 0.00015053953558725135]","[1.0, 1.0, 1.0]"
17,9,0.00021389098842381358,1.0,"[0.00018632426332315487, 0.0002058607730732271, 0.00021389098842381358]","[1.0, 1.0, 1.0]"
17,12,0.0023757998397658494,1.0,"[0.02535836234914534, 0.0036668093472888522, 0.0023757998397658494]","[0.9928332537028189, 0.9995222169135213, 1.0]"
17,13,0.002302894501057877,1.0,"[0.027527976731741517, 0.0060979197380330525, 0.002302894501057877]","[0.9928571428571429, 0.9985714285714286, 1.0]"
18,14,0.0018149484336997073,1.0,"[0.022579646930380753, 0.0029377512206944325, 0.0018149484336997073]","[0.9938154138915318, 0.9995242626070409, 1.0]"
18,5,0.575599821174846,0.8339640491958372,"[0.003521781279500026, 0.08924311743869433, 0.575599821174846]","[0.9995269631031221, 0.9995269631031221, 0.8339640491958372]"
18,11,0.0016499644332339592,1.0,"[0.021360798209736295, 0.0028097138045158126, 0.0016499644332339592]","[0.9932918064206996, 1.0, 1.0]"
18,3,0.004118301460574216,0.9990723562152134,"[0.017020218670094275, 0.010259120875750394, 0.004118301460574216]","[0.9976808905380334, 0.99860853432282, 0.9990723562152134]"
18,12,0.0013071383476595986,1.0,"[0.021484314612197606, 0.0025499416603424556, 0.0013071383476595986]","[0.9937888198757764, 0.9995222169135213, 1.0]"
18,0,0.012617899111800772,0.9972196478220574,"[0.027861567981102887, 0.014953968998537782, 0.012617899111800772]","[0.9925857275254866, 0.9967562557924003, 0.9972196478220574]"
18,6,0.00016149297428483172,1.0,"[0.0002099080493005176, 0.0001868898656208661, 0.00016149297428483172]","[1.0, 1.0, 1.0]"
18,9,0.00016478083588563922,1.0,"[0.00016875089998145333, 0.00018406370112312618, 0.00016478083588563922]","[1.0, 1.0, 1.0]"
18,10,0.03815387520829544,0.989120151371807,"[0.05005811920957914, 0.31306678500464735, 0.03815387520829544]","[0.9985808893093662, 0.9124881740775781, 0.989120151371807]"
18,13,0.007409456385313674,0.9985714285714286,"[0.023600477231384226, 0.014422448817640543, 0.007409456385313674]","[0.9923809523809524, 0.9957142857142857, 0.9985714285714286]"
18,2,0.0016732210608418373,1.0,"[0.01564360364093719, 0.003145598077133079, 0.0016732210608418373]","[0.9976711690731253, 1.0, 1.0]"
18,1,0.001543303146985743,1.0,"[0.01486678620088188, 0.0028808496597989954, 0.001543303146985743]","[0.9976787372330548, 1.0, 1.0]"
18,4,0.0020976053235833257,1.0,"[0.012523885063060066, 0.0033359150470727507, 0.0020976053235833257]","[0.9995381062355658, 1.0, 1.0]"
18,8,0.00016877592784250297,1.0,"[0.000213583467098722, 0.0001359605809160381, 0.00016877592784250297]","[1.0, 1.0, 1.0]"
18,7,0.00016743056998662226,1.0,"[0.00012276205961825326, 0.00016242622498821495, 0.00016743056998662226]","[1.0, 1.0, 1.0]"
19,0,0.0016996738850139081,1.0,"[0.01868553680148633, 0.0026040257413542886, 0.0016996738850139081]","[0.9944392956441149, 1.0, 1.0]"
19,1,0.0013821824532522656,1.0,"[0.010830690830891184, 0.002683743608512861, 0.0013821824532522656]","[0.9990714948932219, 1.0, 1.0]"
19,10,0.16901608698946588,0.9484389782403028,"[0.014443712110412033, 0.13666404495426618, 0.16901608698946588]","[0.9990539262062441, 0.9905392620624409, 0.9484389782403028]"
19,4,0.0014192980049890192,1.0,"[0.013545615913565545, 0.0028646960751810935, 0.0014192980049890192]","[0.9981524249422633, 1.0, 1.0]"
19,5,0.04840162459432202,0.9957426679280984,"[0.17901308062102864, 0.33110605717143593, 0.04840162459432202]","[0.9526963103122044, 0.9016083254493851, 0.9957426679280984]"
19,9,0.0001749650063257749,1.0,"[0.00017559176106288126, 0.0001577131511250186, 0.0001749650063257749]","[1.0, 1.0, 1.0]"
19,12,0.0012275575012829381,1.0,"[0.016998135421255774, 0.0031430087736666655, 0.0012275575012829381]","[0.9956999522216914, 1.0, 1.0]"
19,2,0.10571991678272538,0.9725197950628784,"[0.01913622909855536, 0.013173737559768865, 0.10571991678272538]","[0.9962738705170004, 0.9972054028877504, 0.9725197950628784]"
19,7,0.00018800400247335236,1.0,"[0.0001649387847988471, 0.00015876790392653538, 0.00018800400247335236]","[1.0, 1.0, 1.0]"
19,3,0.0013205335177618133,1.0,"[0.01146141575265895, 0.002166857778587762, 0.0013205335177618133]","[0.9976808905380334, 1.0, 1.0]"
19,11,0.002043330089443109,1.0,"[0.019820491423491727, 0.0042459120882223506, 0.002043330089443109]","[0.9952084331576425, 1.0, 1.0]"
19,13,0.0013623894615606828,1.0,"[0.01408761270189037, 0.002039790142920207, 0.0013623894615606828]","[0.9976190476190476, 1.0, 1.0]"
19,14,0.0014050544140803995,1.0,"[0.016800492338723307, 0.001808002919212661, 0.0014050544140803995]","[0.9971455756422455, 1.0, 1.0]"
19,8,0.0001504108456146875,1.0,"[0.00016930465327194807, 0.00012850093701148802, 0.0001504108456146875]","[1.0, 1.0, 1.0]"
19,6,0.00016040588095413776,1.0,"[0.00016188813396817722, 0.00014075755649228637, 0.00016040588095413776]","[1.0, 1.0, 1.0]"
20,10,0.08676353075048503,0.97918637653737,"[0.01311444748631295, 0.028887852156699142, 0.08676353075048503]","[0.9985808893093662, 0.9985808893093662, 0.97918637653737]"
20,13,0.0017002528122358137,1.0,"[0.018761508551313345, 0.003622575368464106, 0.0017002528122358137]","[0.9952380952380953, 1.0, 1.0]"
20,4,0.0021627683308906853,1.0,"[0.015337782809236908, 0.003596513788900612, 0.0021627683308906853]","[0.9967667436489608, 0.9995381062355658, 1.0]"
20,3,0.0018784836780362051,1.0,"[0.01102851631859427, 0.003342072042869404, 0.0018784836780362051]","[0.99860853432282, 1.0, 1.0]"
20,2,0.0017551436766927294,1.0,"[0.009782237069243017, 0.0024281903461087495, 0.0017551436766927294]","[0.9986027014438752, 1.0, 1.0]"
20,7,0.00017417688385731626,1.0,"[0.00014118660703498983, 0.00018237183240037694, 0.00017417688385731626]","[1.0, 1.0, 1.0]"
20,8,0.00016436662675308375,1.0,"[0.00018175044346152748, 0.0001545576350040254, 0.00016436662675308375]","[1.0, 1.0, 1.0]"
20,11,0.002563213783132872,0.9995208433157643,"[0.01834777135147967, 0.001987272019808491, 0.002563213783132872]","[0.9937709631049353, 1.0, 0.9995208433157643]"
20,14,0.0014686224978614712,1.0,"[0.014312526366362969, 0.0021829065940850837, 0.0014686224978614712]","[0.9980970504281637, 1.0, 1.0]"
20,1,0.002125873975113363,1.0,"[0.010617525261991164, 0.0024572065243880976, 0.002125873975113363]","[0.9986072423398329, 1.0, 1.0]"
20,9,0.0001437239959407386,1.0,"[0.0002063978961704186, 0.00020892223057506436, 0.0001437239959407386]","[1.0, 1.0, 1.0]"
20,6,0.00013829017012595256,1.0,"[0.00014301080657539634, 0.00010905201854642876, 0.00013829017012595256]","[1.0, 1.0, 1.0]"
20,12,0.001205322262125485,1.0,"[0.018447150515081983, 0.002089837463713731, 0.001205322262125485]","[0.9942666029622551, 1.0, 1.0]"
20,5,0.014794669216772652,0.9981078524124882,"[0.17704937374219298, 0.022972286897985375, 0.014794669216772652]","[0.9508041627246925, 0.9971617786187322, 0.9981078524124882]"
20,0,0.03079916282063898,0.9935125115848007,"[0.0118310352520305, 0.005183623946162269, 0.03079916282063898]","[0.9986098239110287, 0.9995366079703429, 0.9935125115848007]"
21,0,0.001476005692144527,1.0,"[0.013691170938888235, 0.0021008938270182733, 0.001476005692144527]","[0.9972196478220574, 1.0, 1.0]"
21,4,0.0016690117567229796,1.0,"[0.00975265316254295, 0.0025232085078160335, 0.0016690117567229796]","[0.9986143187066975, 1.0, 1.0]"
21,7,0.0001739887722413352,1.0,"[0.00013156399875173741, 0.0001316523294283825, 0.0001739887722413352]","[1.0, 1.0, 1.0]"
21,13,0.00133930529541844,1.0,"[0.01374475422992625, 0.0017923881373876197, 0.00133930529541844]","[0.9971428571428571, 1.0, 1.0]"
21,12,0.0009898623975459486,1.0,"[0.016379903254070967, 0.002016464352367841, 0.0009898623975459486]","[0.998088867654085, 1.0, 1.0]"
21,2,0.0012834861160680542,1.0,"[0.011514505727545303, 0.0017924687041051906, 0.0012834861160680542]","[0.9967396367023754, 1.0, 1.0]"
21,9,0.00014695542400163092,1.0,"[0.00014704137951908209, 0.0001499126949717968, 0.00014695542400163092]","[1.0, 1.0, 1.0]"
21,14,0.008213169049034177,0.9985727878211227,"[0.019461485359704857, 0.02082922648652598, 0.008213169049034177]","[0.9971455756422455, 0.9957183634633682, 0.9985727878211227]"
21,8,0.00020832608887841079,1.0,"[0.00015019910201910093, 0.00012865277334860752, 0.00020832608887841079]","[1.0, 1.0, 1.0]"
21,5,0.14310428776833065,0.9612109744560076,"[0.008955285637913382, 0.1068293002591578, 0.14310428776833065]","[0.9995269631031221, 0.9985808893093662, 0.9612109744560076]"
21,3,0.0019430014568463188,1.0,"[0.017881234381895733, 0.004141956061015234, 0.0019430014568463188]","[0.9962894248608535, 0.9995361781076066, 1.0]"
21,6,0.0001370567876041274,1.0,"[0.00023185227594998045, 0.00011559848479175179, 0.0001370567876041274]","[1.0, 1.0, 1.0]"
21,10,0.23157568829243674,0.9422894985808893,"[0.014802071964368224, 0.10756344457759577, 0.23157568829243674]","[0.9995269631031221, 0.9985808893093662, 0.9422894985808893]"
21,1,0.0019065290757947985,1.0,"[0.009981136293123093, 0.002454599944244632, 0.0019065290757947985]","[0.9981429897864438, 1.0, 1.0]"
21,11,0.0012841467625659072,1.0,"[0.016236545754399038, 0.0028290395310967033, 0.0012841467625659072]","[0.9976042165788213, 0.9995208433157643, 1.0]"
22,1,0.0018209340769852348,1.0,"[0.007768475573838633, 0.00246276384945411, 0.0018209340769852348]","[0.9990714948932219, 1.0, 1.0]"
22,0,0.001919681259417249,1.0,"[0.010080765706815702, 0.002488190487972187, 0.001919681259417249]","[0.9986098239110287, 1.0, 1.0]"
22,7,0.00014636605600103257,1.0,"[0.00012415046391348974, 0.00014436070363665226, 0.00014636605600103257]","[1.0, 1.0, 1.0]"
22,14,0.002770776734299337,0.9995242626070409,"[0.010739824858098997, 0.0024384910286629966, 0.002770776734299337]","[0.9980970504281637, 1.0, 0.9995242626070409]"
22,3,0.0019745486497413367,1.0,"[0.01336077116566765, 0.0021631496663972296, 0.0019745486497413367]","[0.9990723562152134, 1.0, 1.0]"
22,9,0.00014454488877108264,1.0,"[0.000160803140743431, 0.00011898673366169643, 0.00014454488877108264]","[1.0, 1.0, 1.0]"
22,12,0.0010483033935694646,1.0,"[0.01051565269219943, 0.0018264123178651612, 0.0010483033935694646]","[0.998088867654085, 1.0, 1.0]"
22,8,0.0002496312617123212,1.0,"[0.00015397068339304744, 0.00017993130897979648, 0.0002496312617123212]","[1.0, 1.0, 1.0]"
22,10,0.06449659666738145,0.9995269631031221,"[0.007677279152523945, 0.004977181184050792, 0.06449659666738145]","[1.0, 1.0, 0.9995269631031221]"
22,6,0.00012955167546875379,1.0,"[0.00016204466451061748, 0.00012115890653645197, 0.00012955167546875379]","[1.0, 1.0, 1.0]"
22,2,0.0012185314485310193,1.0,"[0.01018981880727498, 0.0021677860401242096, 0.0012185314485310193]","[0.999534233814625, 1.0, 1.0]"
22,13,0.001308118146632544,1.0,"[0.01344335655801732, 0.0030363628351496477, 0.001308118146632544]","[0.9961904761904762, 1.0, 1.0]"
22,5,0.006707038829678341,0.9995269631031221,"[0.01642478539211237, 0.008578412929851124, 0.006707038829678341]","[0.9981078524124882, 0.9995269631031221, 0.9995269631031221]"
22,4,0.001533477329169674,1.0,"[0.010340714683372746, 0.002053352420368944, 0.001533477329169674]","[0.9990762124711317, 1.0, 1.0]"
22,11,0.0011170032913937714,1.0,"[0.018852756443348797, 0.003302727436124714, 0.0011170032913937714]","[0.9966459032103497, 1.0, 1.0]"
23,6,0.00017884914709473819,1.0,"[0.00014667479329297996, 0.00011507948246699843, 0.00017884914709473819]","[1.0, 1.0, 1.0]"
23,14,0.0014366085207174447,1.0,"[0.01205281749593489, 0.002235122719977164, 0.0014366085207174447]","[0.9985727878211227, 1.0, 1.0]"
23,9,0.00013077815972131,1.0,"[0.00014022643098900463, 0.00015792177366551408, 0.00013077815972131]","[1.0, 1.0, 1.0]"
23,10,0.12581538932178826,0.9612109744560076,"[0.45568442037876916, 0.0978691096910659, 0.12581538932178826]","[0.8509933774834437, 0.9900662251655629, 0.9612109744560076]"
23,13,0.0010786687533695701,1.0,"[0.012618747229377428, 0.002459491617187406, 0.0010786687533695701]","[0.9961904761904762, 1.0, 1.0]"
23,7,0.0001683066293480806,1.0,"[0.00016782784289468756, 0.0001847859913885424, 0.0001683066293480806]","[1.0, 1.0, 1.0]"
23,3,0.0015105733233640956,1.0,"[0.009598210142404936, 0.0017479049668455606, 0.0015105733233640956]","[0.9981447124304267, 1.0, 1.0]"
23,11,0.0015134242350927018,1.0,"[0.01771965041178081, 0.0023235847298620324, 0.0015134242350927018]","[0.9942501197891711, 1.0, 1.0]"
23,5,0.12290682914831183,0.9616840113528855,"[0.003963517687653247, 0.09998901336803101, 0.12290682914831183]","[0.9995269631031221, 0.9995269631031221, 0.9616840113528855]"
23,12,0.0015304940355814654,1.0,"[0.01599380827974528, 0.0018166345702907579, 0.0015304940355814654]","[0.9966555183946488, 1.0, 1.0]"
23,0,0.0013995784863843309,1.0,"[0.015334176786435658, 0.004079359638340333, 0.0013995784863843309]","[0.9962928637627433, 0.9990732159406858, 1.0]"
23,8,0.00019727256287958218,1.0,"[0.0001373201887349062, 0.00012429201171581747, 0.00019727256287958218]","[1.0, 1.0, 1.0]"
23,2,0.0021825742108322788,1.0,"[0.008035063055371317, 0.0022239055097623564, 0.0021825742108322788]","[0.9986027014438752, 1.0, 1.0]"
23,4,0.0013739581678665297,1.0,"[0.009260162813862896, 0.0020535677527625334, 0.0013739581678665297]","[0.9995381062355658, 1.0, 1.0]"
23,1,0.0014449780865106732,1.0,"[0.008265739094520755, 0.0021923252086922087, 0.0014449780865106732]","[0.9990714948932219, 1.0, 1.0]"
24,12,0.002226385944099589,1.0,"[0.008904698617036709, 0.0018174538872148278, 0.002226385944099589]","[0.9990444338270426, 1.0, 1.0]"
24,4,0.0016982876635772888,1.0,"[0.011541404271744849, 0.002203814248787239, 0.0016982876635772888]","[0.9990762124711317, 1.0, 1.0]"
24,14,0.0011065616387041341,1.0,"[0.009365022806874053, 0.0012718604817619603, 0.0011065616387041341]","[0.9990485252140818, 1.0, 1.0]"
24,2,0.0017212070576052235,1.0,"[0.013928652042523026, 0.005555620797060649, 0.0017212070576052235]","[0.9948765719608756, 0.9990684676292502, 1.0]"
24,3,0.00192055208454429,1.0,"[0.011435424974051249, 0.002005010814173147, 0.00192055208454429]","[0.9981447124304267, 1.0, 1.0]"
24,1,0.0013404058126445092,1.0,"[0.010723215407993206, 0.0029847910353804335, 0.0013404058126445092]","[0.9972144846796658, 1.0, 1.0]"
24,0,0.0018633540791651124,1.0,"[0.007535666925832629, 0.002155702942913836, 0.0018633540791651124]","[0.9990732159406858, 1.0, 1.0]"
24,11,0.03796195655101628,0.9923334930522281,"[0.009659344249292079, 0.00587909801150531, 0.03796195655101628]","[0.9990416866315285, 0.9985625299472928, 0.9923334930522281]"
24,13,0.0011108734338036315,1.0,"[0.013166753501123325, 0.001691362601846005, 0.0011108734338036315]","[0.9971428571428571, 1.0, 1.0]"
24,7,0.0002226141186838504,1.0,"[0.00013963852887338197, 0.00015144811307739778, 0.0002226141186838504]","[1.0, 1.0, 1.0]"
24,10,0.07965945002540727,0.9985808893093662,"[0.0349348172038684, 0.039947132963468045, 0.07965945002540727]","[0.9962157048249763, 0.9877010406811731, 0.9985808893093662]"
24,9,0.00020537378055230488,1.0,"[0.0001621137445468004, 0.00010666860389667845, 0.00020537378055230488]","[1.0, 1.0, 1.0]"
24,5,0.23141165847397027,0.9399243140964996,"[0.02884957644924083, 0.06895886916283737, 0.23141165847397027]","[0.9990539262062441, 0.9877010406811731, 0.9399243140964996]"
24,8,0.00014214233824256525,1.0,"[0.00012616870784161924, 0.00010441637608561327, 0.00014214233824256525]","[1.0, 1.0, 1.0]"
24,6,0.00011197562068418571,1.0,"[0.00012105394621771252, 0.00013157226159378433, 0.00011197562068418571]","[1.0, 1.0, 1.0]"
25,8,9.696532144902669e-05,1.0,"[8.381303235761483e-05, 0.00016187768326772405, 9.696532144902669e-05]","[1.0, 1.0, 1.0]"
25,4,0.0010062918222769547,1.0,"[0.008729897826389573, 0.0018584237944143003, 0.0010062918222769547]","[0.9981524249422633, 1.0, 1.0]"
25,10,0.05571377042489236,0.9877010406811731,"[0.18026106040376952, 0.038758997504106336, 0.05571377042489236]","[0.9593188268684958, 0.9971617786187322, 0.9877010406811731]"
25,12,0.0013405420371176053,1.0,"[0.009812250736903286, 0.0018091468338036175, 0.0013405420371176053]","[0.998088867654085, 1.0, 1.0]"
25,3,0.0012499520269236254,1.0,"[0.006818091691992081, 0.0014088589369374164, 0.0012499520269236254]","[0.9995361781076066, 1.0, 1.0]"
25,0,0.000934583244516569,1.0,"[0.006688248145270764, 0.0021845177038545337, 0.000934583244516569]","[0.9990732159406858, 1.0, 1.0]"
25,9,0.0001565974327439273,1.0,"[0.00017716237110135174, 0.0001630408411129434, 0.0001565974327439273]","[1.0, 1.0, 1.0]"
25,7,8.621335247439812e-05,1.0,"[0.00011860412070580588, 0.00016943338480566374, 8.621335247439812e-05]","[1.0, 1.0, 1.0]"
25,1,0.0016197640070458874,1.0,"[0.00634683741544209, 0.002373834633651902, 0.0016197640070458874]","[1.0, 1.0, 1.0]"
25,14,0.0013330048302922285,1.0,"[0.009276514467218834, 0.0014667391254933495, 0.0013330048302922285]","[0.9985727878211227, 1.0, 1.0]"
25,2,0.0013864508124671,1.0,"[0.006952393567189574, 0.0020050854620742888, 0.0013864508124671]","[0.9986027014438752, 1.0, 1.0]"
25,5,0.26440569202360864,0.9545884578997161,"[0.12329951217671965, 0.16931837306850972, 0.26440569202360864]","[0.9872280037842952, 0.9541154210028382, 0.9545884578997161]"
25,6,0.00016857169038937144,1.0,"[0.00027296856966462326, 0.00014432888951198424, 0.00016857169038937144]","[1.0, 1.0, 1.0]"
25,11,0.0016351284800541841,1.0,"[0.014135647307601616, 0.008086296877908435, 0.0016351284800541841]","[0.9956875898418783, 0.9980833732630571, 1.0]"
25,13,0.0010958642797601042,1.0,"[0.01041497761969257, 0.0013027562262405727, 0.0010958642797601042]","[0.9990476190476191, 1.0, 1.0]"
26,8,0.00011281266547898254,1.0,"[0.00017183715692336784, 0.00012044209374421784, 0.00011281266547898254]","[1.0, 1.0, 1.0]"
26,11,0.002397903031316783,1.0,"[0.008896564814318535, 0.0030364481411225192, 0.002397903031316783]","[0.9976042165788213, 0.9995208433157643, 1.0]"
26,7,0.00013980920420814954,1.0,"[0.00034974202853018966, 8.840792140814081e-05, 0.00013980920420814954]","[1.0, 1.0, 1.0]"
26,14,0.000794540122363039,1.0,"[0.01221246850698001, 0.0015394669969806052, 0.000794540122363039]","[0.9971455756422455, 1.0, 1.0]"
26,12,0.0008674948996596152,1.0,"[0.007454663924308437, 0.0018939800969691892, 0.0008674948996596152]","[0.9985666507405638, 1.0, 1.0]"
26,0,0.0020941821875406757,1.0,"[0.010628131290158147, 0.0018500779851284973, 0.0020941821875406757]","[0.9976830398517146, 1.0, 1.0]"
26,6,0.00011635544113673721,1.0,"[0.0001674552217027116, 0.00023555848196282926, 0.00011635544113673721]","[1.0, 1.0, 1.0]"
26,1,0.001031348523718086,1.0,"[0.006313533707083587, 0.0013190298187135555, 0.001031348523718086]","[0.9990714948932219, 1.0, 1.0]"
26,2,0.0011206483802251408,1.0,"[0.006062999114339405, 0.001589789317222312, 0.0011206483802251408]","[0.999534233814625, 1.0, 1.0]"
26,13,0.0010089818767455379,1.0,"[0.008777305025212241, 0.002608155676474174, 0.0010089818767455379]","[0.9990476190476191, 1.0, 1.0]"
26,5,0.01539732507594368,0.9985808893093662,"[0.19748706233632915, 0.02765940947403364, 0.01539732507594368]","[0.945600756859035, 0.9952696310312205, 0.9985808893093662]"
26,4,0.0012023607311729232,1.0,"[0.008256569511585814, 0.001837547418236842, 0.0012023607311729232]","[0.9990762124711317, 1.0, 1.0]"
26,10,0.02832441921482849,0.9981078524124882,"[0.14080701357520678, 0.07231594789225389, 0.02832441921482849]","[0.9981078524124882, 0.9806054872280038, 0.9981078524124882]"
26,3,0.0008646623139023123,1.0,"[0.008520255577476585, 0.0014757837275015738, 0.0008646623139023123]","[0.99860853432282, 1.0, 1.0]"
26,9,0.00013854790692372868,1.0,"[0.00010447083519521226, 0.00014942468271439077, 0.00013854790692372868]","[1.0, 1.0, 1.0]"
27,6,9.451728703535275e-05,1.0,"[0.00015847547800865758, 9.812107766100036e-05, 9.451728703535275e-05]","[1.0, 1.0, 1.0]"
27,11,0.0011325200338791492,1.0,"[0.008037508151381078, 0.0011814234541926646, 0.0011325200338791492]","[0.9980833732630571, 1.0, 1.0]"
27,7,0.00010155919136939866,1.0,"[0.0001649803802358678, 9.908814464517602e-05, 0.00010155919136939866]","[1.0, 1.0, 1.0]"
27,2,0.001160421026939088,1.0,"[0.008433467164115213, 0.0013220411047394224, 0.001160421026939088]","[0.9972054028877504, 1.0, 1.0]"
27,4,0.0011127478261615204,1.0,"[0.0061086790417047105, 0.0014678264235365478, 0.0011127478261615204]","[1.0, 1.0, 1.0]"
27,5,0.019042457847664243,0.9985808893093662,"[0.013923260280588531, 0.010772545000209528, 0.019042457847664243]","[0.9990539262062441, 0.9985808893093662, 0.9985808893093662]"
27,1,0.0012325837143340752,1.0,"[0.009998278979979017, 0.0016293029201573089, 0.0012325837143340752]","[0.9986072423398329, 1.0, 1.0]"
27,12,0.0012816867092624307,1.0,"[0.007373654594024022, 0.0012836373079511704, 0.0012816867092624307]","[1.0, 1.0, 1.0]"
27,3,0.0011039979469976114,1.0,"[0.006642141978612498, 0.0017704259867862087, 0.0011039979469976114]","[0.9990723562152134, 1.0, 1.0]"
27,10,0.10008589406360817,0.9872280037842952,"[0.03845759320606971, 0.07606485603473094, 0.10008589406360817]","[0.9919583727530747, 0.9919583727530747, 0.9872280037842952]"
27,14,0.0012069900103872924,1.0,"[0.008566922345904239, 0.0012878912543369966, 0.0012069900103872924]","[0.9990485252140818, 1.0, 1.0]"
27,8,0.00012319043746560277,1.0,"[9.020037759910338e-05, 0.00013816950564487894, 0.00012319043746560277]","[1.0, 1.0, 1.0]"
27,0,0.0009271058361799292,1.0,"[0.005941001219017541, 0.0011811331410974484, 0.0009271058361799292]","[1.0, 1.0, 1.0]"
27,13,0.0017211710536767814,1.0,"[0.020694827082369364, 0.0018802697463384407, 0.0017211710536767814]","[0.9928571428571429, 1.0, 1.0]"
27,9,0.00013783174709356953,1.0,"[9.624173374807772e-05, 0.00015903194787714517, 0.00013783174709356953]","[1.0, 1.0, 1.0]"
28,2,0.0011747959223986767,1.0,"[0.005425235143561354, 0.0014871306039447732, 0.0011747959223986767]","[0.999534233814625, 1.0, 1.0]"
28,14,0.0009377563238200364,1.0,"[0.008120080272695332, 0.0013464709627442062, 0.0009377563238200364]","[0.9976213130352045, 1.0, 1.0]"
28,10,0.007696027579881689,0.9985808893093662,"[0.14991294949397663, 0.09927728503723354, 0.007696027579881689]","[0.966414380321665, 0.9711447492904447, 0.9985808893093662]"
28,7,9.011154091267875e-05,1.0,"[7.532341673636851e-05, 0.0001544626224627295, 9.011154091267875e-05]","[1.0, 1.0, 1.0]"
28,1,0.0009210284855833058,1.0,"[0.006566053229000638, 0.0024875812728971463, 0.0009210284855833058]","[0.9986072423398329, 1.0, 1.0]"
28,12,0.0011414428105733048,1.0,"[0.007195482293327311, 0.0013272420249202034, 0.0011414428105733048]","[0.9995222169135213, 1.0, 1.0]"
28,11,0.0008581787754365271,1.0,"[0.016897272939483326, 0.0032845688983798027, 0.0008581787754365271]","[0.996166746526114, 0.9995208433157643, 1.0]"
28,8,8.874630988099274e-05,1.0,"[9.131510292222215e-05, 0.00011196675928438322, 8.874630988099274e-05]","[1.0, 1.0, 1.0]"
28,13,0.0012772377557473992,1.0,"[0.00905475792806652, 0.0011531411772452746, 0.0012772377557473992]","[0.9985714285714286, 1.0, 1.0]"
28,9,0.0001701158305491624,1.0,"[8.428119370805551e-05, 0.00010458627741282919, 0.0001701158305491624]","[1.0, 1.0, 1.0]"
28,5,0.006766229708720108,0.9985808893093662,"[0.04670476565575775, 0.015793396242182043, 0.006766229708720108]","[0.989120151371807, 0.9962157048249763, 0.9985808893093662]"
28,3,0.0016900951321825713,0.9995361781076066,"[0.007140828793019275, 0.002389306017635938, 0.0016900951321825713]","[0.9995361781076066, 1.0, 0.9995361781076066]"
28,0,0.0007574483247213613,1.0,"[0.005014569868388421, 0.0011965528383905836, 0.0007574483247213613]","[1.0, 1.0, 1.0]"
28,6,0.00012898364895425567,1.0,"[0.00010210412371882491, 9.360571989831938e-05, 0.00012898364895425567]","[1.0, 1.0, 1.0]"
28,4,0.0010116805163253209,1.0,"[0.00563208684530657, 0.0013658582585562458, 0.0010116805163253209]","[1.0, 1.0, 1.0]"
29,9,7.585216052107033e-05,1.0,"[0.00013617600261844046, 0.00010055932921893668, 7.585216052107033e-05]","[1.0, 1.0, 1.0]"
29,7,0.00013600968084188713,1.0,"[6.499958214011382e-05, 8.244232418347207e-05, 0.00013600968084188713]","[1.0, 1.0, 1.0]"
29,3,0.0012936846058651367,1.0,"[0.011623686403789394, 0.0016906882459914092, 0.0012936846058651367]","[0.9958256029684601, 1.0, 1.0]"
29,13,0.00100977190727876,1.0,"[0.006187931117672248, 0.0012984244615037107, 0.00100977190727876]","[0.9995238095238095, 1.0, 1.0]"
29,6,8.560344631956524e-05,1.0,"[9.532084484156009e-05, 0.00011774576683599275, 8.560344631956524e-05]","[1.0, 1.0, 1.0]"
29,8,0.00011360712227487414,1.0,"[0.0001169848278963896, 9.807853403441241e-05, 0.00011360712227487414]","[1.0, 1.0, 1.0]"
29,5,0.0020498715739984833,1.0,"[0.004593593376579092, 0.0033239563310737998, 0.0020498715739984833]","[0.9995269631031221, 1.0, 1.0]"
29,1,0.0008068139560397386,1.0,"[0.006819450229693971, 0.0016156284674413175, 0.0008068139560397386]","[0.9981429897864438, 1.0, 1.0]"
29,4,0.0010981843832483078,1.0,"[0.012254419996786644, 0.0030228199089726653, 0.0010981843832483078]","[0.9981524249422633, 1.0, 1.0]"
29,14,0.0007617815148974346,1.0,"[0.005962504155115422, 0.001375753871715543, 0.0007617815148974346]","[0.9990485252140818, 1.0, 1.0]"
29,2,0.5802361062344383,0.8285980437820214,"[0.007944359433809844, 0.010525751487447825, 0.5802361062344383]","[0.9976711690731253, 0.9976711690731253, 0.8285980437820214]"
29,0,0.0009741194927996463,1.0,"[0.006539096727090723, 0.0010994575303116376, 0.0009741194927996463]","[0.9986098239110287, 1.0, 1.0]"
29,11,0.0009421008519094551,1.0,"[0.005007404100262757, 0.0016063270264897835, 0.0009421008519094551]","[1.0, 1.0, 1.0]"
29,12,0.0007105672407443776,1.0,"[0.007845937073315408, 0.0016227916278170817, 0.0007105672407443776]","[0.9985666507405638, 1.0, 1.0]"
29,10,0.0579986124066636,0.9839167455061495,"[0.009954705841236693, 0.024983391877921188, 0.0579986124066636]","[0.9985808893093662, 0.9952696310312205, 0.9839167455061495]"
30,6,0.00011188151173965625,1.0,"[0.00011037573384590249, 9.378346244788686e-05, 0.00011188151173965625]","[1.0, 1.0, 1.0]"
30,1,0.0011660033179556623,1.0,"[0.004579271569930236, 0.0032578354636344183, 0.0011660033179556623]","[1.0, 0.999535747446611, 1.0]"
30,12,0.18537852303548294,0.9345437171524128,"[0.034048668990814775, 0.637437221269603, 0.18537852303548294]","[0.9885332059245103, 0.8576206402293359, 0.9345437171524128]"
30,2,0.0009793943335192606,1.0,"[0.006555813686538707, 0.001720200718195616, 0.0009793943335192606]","[0.9986027014438752, 1.0, 1.0]"
30,5,0.09163252597157706,0.9995269631031221,"[0.0025365643317961845, 0.0013202954432927072, 0.09163252597157706]","[1.0, 1.0, 0.9995269631031221]"
30,14,0.0011065861397197075,1.0,"[0.02176034928186599, 0.0019546923294635208, 0.0011065861397197075]","[0.9938154138915318, 1.0, 1.0]"
30,13,0.0010116460457952185,1.0,"[0.013800677891016345, 0.0010216001061383974, 0.0010116460457952185]","[0.9961904761904762, 1.0, 1.0]"
30,10,0.009985029029742102,0.9981078524124882,"[0.08933561335845083, 0.07912235249600866, 0.009985029029742102]","[0.9962157048249763, 0.9716177861873226, 0.9981078524124882]"
30,9,0.00012535963226885846,1.0,"[8.995440938716374e-05, 0.00014534459208362298, 0.00012535963226885846]","[1.0, 1.0, 1.0]"
30,8,0.00010135725504810442,1.0,"[0.00011664887113676576, 8.845603522124954e-05, 0.00010135725504810442]","[1.0, 1.0, 1.0]"
30,7,0.00011611273597130396,1.0,"[0.00010083479289526373, 9.681515775534508e-05, 0.00011611273597130396]","[1.0, 1.0, 1.0]"
30,0,0.001041960297323599,1.0,"[0.004727324820123613, 0.0011265193084802698, 0.001041960297323599]","[1.0, 1.0, 1.0]"
30,3,0.000935169611372711,1.0,"[0.004049496163668878, 0.0014042577223496184, 0.000935169611372711]","[1.0, 1.0, 1.0]"
30,11,0.0010502018580375466,1.0,"[0.02245285364121876, 0.0018018283228615694, 0.0010502018580375466]","[0.9928126497364638, 1.0, 1.0]"
30,4,0.0016131238072001211,1.0,"[0.0056930681355023645, 0.0014941518576747244, 0.0016131238072001211]","[0.9995381062355658, 1.0, 1.0]"
31,14,0.0010595222949191477,1.0,"[0.005655233896422115, 0.0015431029023602605, 0.0010595222949191477]","[1.0, 1.0, 1.0]"
31,9,7.66497965245931e-05,1.0,"[6.388026348290485e-05, 9.189738794344576e-05, 7.66497965245931e-05]","[1.0, 1.0, 1.0]"
31,5,0.09165538292761673,0.9801324503311258,"[0.20145000144839287, 0.1031955548644285, 0.09165538292761673]","[0.9517502365184485, 0.9711447492904447, 0.9801324503311258]"
31,3,0.0011311154247617677,1.0,"[0.014513446771375397, 0.002061636861660244, 0.0011311154247617677]","[0.9962894248608535, 1.0, 1.0]"
31,7,7.981101264180545e-05,1.0,"[0.00011482572793311468, 7.775551261367968e-05, 7.981101264180545e-05]","[1.0, 1.0, 1.0]"
31,4,0.07654689153765931,0.9745958429561201,"[0.4131844751810765, 0.3434785766636624, 0.07654689153765931]","[0.894688221709007, 0.8886836027713626, 0.9745958429561201]"
31,11,0.0010931822462501286,1.0,"[0.0049421301139800835, 0.0014943494302728636, 0.0010931822462501286]","[0.9995208433157643, 1.0, 1.0]"
31,13,0.0012211186315680882,1.0,"[0.006648966321143124, 0.0014772505206620376, 0.0012211186315680882]","[0.9995238095238095, 1.0, 1.0]"
31,12,0.0008366769038592324,1.0,"[0.005642371925976918, 0.0018653857669877734, 0.0008366769038592324]","[1.0, 1.0, 1.0]"
31,1,0.042126005131970436,0.9883936861652739,"[0.5199692668393254, 0.2694117720512783, 0.042126005131970436]","[0.8542246982358404, 0.904363974001857, 0.9883936861652739]"
31,0,0.10616867781123694,0.9675625579240037,"[0.08181447785018998, 0.5751027385978138, 0.10616867781123694]","[0.9763670064874884, 0.8290083410565339, 0.9675625579240037]"
31,8,9.307881632456414e-05,1.0,"[0.00010220394269157568, 7.231829984062422e-05, 9.307881632456414e-05]","[1.0, 1.0, 1.0]"
31,10,0.06424819783612346,0.9981078524124882,"[0.010401795386261417, 0.024144547482993564, 0.06424819783612346]","[0.9995269631031221, 0.9947965941343425, 0.9981078524124882]"
31,2,0.08473782685092267,0.9739170936190032,"[0.2382074187591891, 0.46047620475292206, 0.08473782685092267]","[0.9408476944573824, 0.8528178854215184, 0.9739170936190032]"
31,6,7.873657837494234e-05,1.0,"[8.997053362580834e-05, 0.00013409539822146832, 7.873657837494234e-05]","[1.0, 1.0, 1.0]"
32,5,0.11444244224763037,0.9962157048249763,"[0.01775938253986704, 0.024371639472733745, 0.11444244224763037]","[0.9981078524124882, 0.9962157048249763, 0.9962157048249763]"
32,0,0.0013978987596655155,1.0,"[0.007320095254245269, 0.003228630220024463, 0.0013978987596655155]","[0.9990732159406858, 0.9995366079703429, 1.0]"
32,7,9.915357837929729e-05,1.0,"[0.00011165245505804761, 8.138389724384372e-05, 9.915357837929729e-05]","[1.0, 1.0, 1.0]"
32,13,0.055182891389863056,0.9828571428571429,"[0.19274342469306607, 0.14224137202131026, 0.055182891389863056]","[0.9433333333333334, 0.9533333333333334, 0.9828571428571429]"
32,8,0.00012541141255827495,1.0,"[0.0002437268387549204, 0.00012927355496547975, 0.00012541141255827495]","[1.0, 1.0, 1.0]"
32,3,0.001393736557528267,1.0,"[0.0075880565427188925, 0.0023317692051504683, 0.001393736557528267]","[1.0, 1.0, 1.0]"
32,1,0.0017852958921781357,1.0,"[0.006187525981872836, 0.0016999858832123743, 0.0017852958921781357]","[0.999535747446611, 1.0, 1.0]"
32,10,0.09166458833993495,0.9981078524124882,"[0.12495823831105714, 0.012358210737789598, 0.09166458833993495]","[0.9697256385998108, 0.9981078524124882, 0.9981078524124882]"
32,9,7.474668938922343e-05,1.0,"[0.00016896187138847767, 9.836013261078871e-05, 7.474668938922343e-05]","[1.0, 1.0, 1.0]"
32,12,0.026914993272812077,0.9913999044433827,"[0.15570207579400053, 0.23545306192880328, 0.026914993272812077]","[0.9560439560439561, 0.9369326325848065, 0.9913999044433827]"
32,6,0.00014211300036880527,1.0,"[9.204913542568896e-05, 7.175830328240849e-05, 0.00014211300036880527]","[1.0, 1.0, 1.0]"
32,14,0.06580869468973216,0.978116079923882,"[0.22508024607756824, 0.08023298631958438, 0.06580869468973216]","[0.9319695528068506, 0.9747859181731684, 0.978116079923882]"
32,4,0.0016406438243232995,1.0,"[0.005866310872507337, 0.0019082587575266028, 0.0016406438243232995]","[1.0, 1.0, 1.0]"
32,2,0.0014373386460219456,1.0,"[0.004660654196734814, 0.0016400279025273288, 0.0014373386460219456]","[1.0, 1.0, 1.0]"
32,11,0.02666500797777465,0.9913751796837565,"[0.3123549588984161, 0.10587503855596438, 0.02666500797777465]","[0.9171058936272161, 0.9688548155246766, 0.9913751796837565]"
33,3,0.037666830946417415,0.9874768089053804,"[0.40804728273959723, 0.1680959302603322, 0.037666830946417415]","[0.8821892393320965, 0.9424860853432282, 0.9874768089053804]"
33,2,0.12390072665670339,0.9590125756870052,"[0.13269468772170298, 0.18791043046204484, 0.12390072665670339]","[0.9571495109455054, 0.936190032603633, 0.9590125756870052]"
33,5,0.013075411261525005,0.9990539262062441,"[0.12639324419090853, 0.017807730278411114, 0.013075411261525005]","[0.9701986754966887, 0.9985808893093662, 0.9990539262062441]"
33,12,0.0016491537848416942,1.0,"[0.004649087934839455, 0.001968593916954529, 0.0016491537848416942]","[1.0, 1.0, 1.0]"
33,9,7.460035163658728e-05,1.0,"[7.929361268135395e-05, 8.231023292120716e-05, 7.460035163658728e-05]","[1.0, 1.0, 1.0]"
33,13,0.0012523438146507199,1.0,"[0.0057789362705961776, 0.0022445291520632577, 0.0012523438146507199]","[1.0, 1.0, 1.0]"
33,14,0.0012041219152072727,1.0,"[0.007460350110760015, 0.0034117384365703347, 0.0012041219152072727]","[0.9995242626070409, 1.0, 1.0]"
33,0,0.09566536496448166,0.9661723818350324,"[0.18404426395564394, 0.27647531383177815, 0.09566536496448166]","[0.9318813716404077, 0.9036144578313253, 0.9661723818350324]"
33,1,0.08979162932647501,0.9693593314763231,"[0.24932995460489216, 0.24364193945246584, 0.08979162932647501]","[0.9117920148560817, 0.9178272980501393, 0.9693593314763231]"
33,11,0.001212440577519098,1.0,"[0.0055273271864280105, 0.001701705535224667, 0.001212440577519098]","[1.0, 1.0, 1.0]"
33,10,0.0201638589376885,0.9985808893093662,"[0.05728453330640845, 0.009389231820344268, 0.0201638589376885]","[0.9806054872280038, 0.9995269631031221, 0.9985808893093662]"
33,4,0.044935860178049875,0.9861431870669746,"[0.33129200333838954, 0.22702260205850883, 0.044935860178049875]","[0.9016166281755197, 0.9237875288683602, 0.9861431870669746]"
33,8,6.41788469555181e-05,1.0,"[0.0001326157495592876, 9.958239311482899e-05, 6.41788469555181e-05]","[1.0, 1.0, 1.0]"
33,7,6.900975241671514e-05,1.0,"[0.00011614915687955958, 7.057721676105619e-05, 6.900975241671514e-05]","[1.0, 1.0, 1.0]"
33,6,6.0371307688800506e-05,1.0,"[8.523335231020059e-05, 7.127967816786347e-05, 6.0371307688800506e-05]","[1.0, 1.0, 1.0]"
34,8,0.00013322297270475025,1.0,"[0.00015535429773797549, 7.019324457911408e-05, 0.00013322297270475025]","[1.0, 1.0, 1.0]"
34,7,8.408020530072407e-05,1.0,"[7.400621352920125e-05, 5.931137942146355e-05, 8.408020530072407e-05]","[1.0, 1.0, 1.0]"
34,5,0.013330464853959926,0.9990539262062441,"[0.010778490799780497, 0.008113863747840858, 0.013330464853959926]","[0.9985808893093662, 0.9990539262062441, 0.9990539262062441]"
34,2,0.0019206174286356306,1.0,"[0.007289886680048178, 0.002430373867836726, 0.0019206174286356306]","[0.999534233814625, 1.0, 1.0]"
34,12,0.0036725008747342863,0.9985666507405638,"[0.09179430542280897, 0.0020426757233287913, 0.0036725008747342863]","[0.9775441949354993, 1.0, 0.9985666507405638]"
34,6,0.0002600960699165818,1.0,"[9.557037094165219e-05, 6.167352358082125e-05, 0.0002600960699165818]","[1.0, 1.0, 1.0]"
34,1,0.0014279296190258773,1.0,"[0.008343116818543743, 0.001951330652980901, 0.0014279296190258773]","[0.9990714948932219, 1.0, 1.0]"
34,10,0.09731400932993411,0.9985808893093662,"[0.1315800389411914, 0.046886243607492786, 0.09731400932993411]","[0.989120151371807, 0.9848628192999054, 0.9985808893093662]"
34,14,0.004281136172005173,0.9985727878211227,"[0.10697451474455495, 0.007140709044919772, 0.004281136172005173]","[0.966698382492864, 0.9990485252140818, 0.9985727878211227]"
34,13,0.01344616724192306,0.9957142857142857,"[0.10982075452832787, 0.026221324576798714, 0.01344616724192306]","[0.9642857142857143, 0.9923809523809524, 0.9957142857142857]"
34,3,0.0015277638843091315,1.0,"[0.008425718810244957, 0.003124430659227073, 0.0015277638843091315]","[0.9995361781076066, 1.0, 1.0]"
34,0,0.0014130023277282495,1.0,"[0.00898708971491193, 0.0029553635908729013, 0.0014130023277282495]","[0.9986098239110287, 1.0, 1.0]"
34,11,0.0038508201343409546,1.0,"[0.09800044747746804, 0.011862047932068394, 0.0038508201343409546]","[0.9698131288931481, 0.9966459032103497, 1.0]"
34,4,0.0016674443562378122,1.0,"[0.011220852392451727, 0.0024284185372594304, 0.0016674443562378122]","[0.9990762124711317, 1.0, 1.0]"
34,9,6.723151047040257e-05,1.0,"[8.367846622246417e-05, 9.346016414576408e-05, 6.723151047040257e-05]","[1.0, 1.0, 1.0]"
35,11,0.0014227889919173763,1.0,"[0.007908074439249256, 0.0016378381758730745, 0.0014227889919173763]","[1.0, 1.0, 1.0]"
35,1,0.0014387562747716026,1.0,"[0.03439408281872816, 0.002186140790239305, 0.0014387562747716026]","[0.989786443825441, 1.0, 1.0]"
35,2,0.0011679941808859654,1.0,"[0.043008137425846034, 0.0037669435362605486, 0.0011679941808859654]","[0.9850954820680019, 1.0, 1.0]"
35,12,0.001663833743695057,1.0,"[0.0077481123047288165, 0.002327174140549632, 0.001663833743695057]","[0.9995222169135213, 0.9995222169135213, 1.0]"
35,0,0.0014430214377010569,1.0,"[0.03827724894782638, 0.0019559718510957762, 0.0014430214377010569]","[0.9879518072289156, 1.0, 1.0]"
35,13,0.0011812325118984463,1.0,"[0.008399037051607262, 0.0016617626586759632, 0.0011812325118984463]","[1.0, 1.0, 1.0]"
35,3,0.001743909517672899,1.0,"[0.05226337901480934, 0.003864103780977209, 0.001743909517672899]","[0.9837662337662337, 1.0, 1.0]"
35,9,6.920536956882147e-05,1.0,"[0.00011835817211690345, 7.992947581497543e-05, 6.920536956882147e-05]","[1.0, 1.0, 1.0]"
35,14,0.0014855101577598941,1.0,"[0.00879713005358071, 0.001624239356412242, 0.0014855101577598941]","[0.9995242626070409, 1.0, 1.0]"
35,5,0.0026364948699826047,0.9995269631031221,"[0.026939640989225796, 0.006141834491726887, 0.0026364948699826047]","[0.9919583727530747, 0.9985808893093662, 0.9995269631031221]"
35,10,0.06920111865517409,0.9957426679280984,"[0.22138892798958457, 0.1753299519803156, 0.06920111865517409]","[0.9394512771996215, 0.9597918637653737, 0.9957426679280984]"
35,4,0.0021076893351752966,1.0,"[0.043045369634295214, 0.002874808247297016, 0.0021076893351752966]","[0.9842956120092379, 1.0, 1.0]"
35,6,9.725341095128732e-05,1.0,"[6.725765298611033e-05, 7.778896245078862e-05, 9.725341095128732e-05]","[1.0, 1.0, 1.0]"
35,8,5.0841560523346715e-05,1.0,"[5.474731496537005e-05, 7.964842497489316e-05, 5.0841560523346715e-05]","[1.0, 1.0, 1.0]"
35,7,6.212479241763835e-05,1.0,"[8.313328693144616e-05, 5.927712079552073e-05, 6.212479241763835e-05]","[1.0, 1.0, 1.0]"
36,7,0.0001294766042878054,1.0,"[6.681478148631427e-05, 6.862532625911462e-05, 0.0001294766042878054]","[1.0, 1.0, 1.0]"
36,4,0.0012300453193293994,1.0,"[0.006354788112837602, 0.0019300655078362016, 0.0012300453193293994]","[1.0, 1.0, 1.0]"
36,12,0.0009796957707625222,1.0,"[0.02790276256432249, 0.0014742073835805058, 0.0009796957707625222]","[0.9899665551839465, 1.0, 1.0]"
36,8,6.15159426546818e-05,1.0,"[7.317130863763548e-05, 0.00025109899538757884, 6.15159426546818e-05]","[1.0, 1.0, 1.0]"
36,6,7.958237829646377e-05,1.0,"[8.470326142604321e-05, 0.00021647293816027795, 7.958237829646377e-05]","[1.0, 1.0, 1.0]"
36,1,0.0013120132840841131,1.0,"[0.006583112083128928, 0.0018521839348763665, 0.0013120132840841131]","[1.0, 1.0, 1.0]"
36,3,0.0012285536863868509,1.0,"[0.007449119868825245, 0.002488355535794707, 0.0012285536863868509]","[0.9995361781076066, 1.0, 1.0]"
36,9,5.5923490711420804e-05,1.0,"[6.647737311802551e-05, 6.387505869277061e-05, 5.5923490711420804e-05]","[1.0, 1.0, 1.0]"
36,5,0.3435992593603099,0.9550614947965941,"[0.07742721109003897, 0.16503572699559085, 0.3435992593603099]","[0.9990539262062441, 0.956480605487228, 0.9550614947965941]"
36,2,0.0013903742074035108,1.0,"[0.005622128517750432, 0.001739219782928772, 0.0013903742074035108]","[1.0, 1.0, 1.0]"
36,14,0.0018565171437027554,1.0,"[0.029900817204069233, 0.002188249134853708, 0.0018565171437027554]","[0.9904852521408183, 1.0, 1.0]"
36,0,0.0013969406119191691,1.0,"[0.005911092623136938, 0.001955982212059419, 0.0013969406119191691]","[1.0, 1.0, 1.0]"
36,10,0.08401904162704288,0.9933774834437086,"[0.2536530928576694, 0.09118221202344798, 0.08401904162704288]","[0.9593188268684958, 0.9749290444654684, 0.9933774834437086]"
36,11,0.00103270326067242,1.0,"[0.027751761903125567, 0.002309716015588492, 0.00103270326067242]","[0.9908960229995208, 1.0, 1.0]"
36,13,0.0009623936696725925,1.0,"[0.03254190256297024, 0.0023834267022638496, 0.0009623936696725925]","[0.9890476190476191, 1.0, 1.0]"
37,8,7.671169497012725e-05,1.0,"[0.00010566743003437296, 5.492879421526044e-05, 7.671169497012725e-05]","[1.0, 1.0, 1.0]"
37,13,0.0009478797896228956,1.0,"[0.008783204784391053, 0.0014211594190617855, 0.0009478797896228956]","[0.9995238095238095, 1.0, 1.0]"
37,10,0.12322585515828584,0.9824976348155157,"[0.08733693947878611, 0.11776975026655503, 0.12322585515828584]","[0.9843897824030274, 0.9848628192999054, 0.9824976348155157]"
37,14,0.0014436146796497544,1.0,"[0.00931755786366535, 0.0018140579094037864, 0.0014436146796497544]","[0.9990485252140818, 1.0, 1.0]"
37,3,0.0010904081915642189,1.0,"[0.009933975138290621, 0.0024325021607664358, 0.0010904081915642189]","[0.99860853432282, 1.0, 1.0]"
37,1,0.0012353532297043677,1.0,"[0.010266247249947971, 0.0018410745474016841, 0.0012353532297043677]","[0.9972144846796658, 1.0, 1.0]"
37,2,0.0011381763393086765,1.0,"[0.00925356530077646, 0.0020787797043072607, 0.0011381763393086765]","[0.9986027014438752, 1.0, 1.0]"
37,12,0.001036763484907252,1.0,"[0.008695932080489441, 0.0016716815492448707, 0.001036763484907252]","[1.0, 1.0, 1.0]"
37,4,0.0013628737480543991,1.0,"[0.010968402894350755, 0.0018183989159297198, 0.0013628737480543991]","[0.997228637413395, 1.0, 1.0]"
37,9,6.735849511284015e-05,1.0,"[7.085025296846376e-05, 0.00017998403288374627, 6.735849511284015e-05]","[1.0, 1.0, 1.0]"
37,0,0.0011052384849309044,1.0,"[0.009906974758076318, 0.0017017725074444624, 0.0011052384849309044]","[0.9995366079703429, 1.0, 1.0]"
37,11,0.0012835559548076355,1.0,"[0.009804204674296532, 0.001736232546990681, 0.0012835559548076355]","[0.9990416866315285, 1.0, 1.0]"
37,6,5.529468889466388e-05,1.0,"[7.655201085127015e-05, 7.543743655939276e-05, 5.529468889466388e-05]","[1.0, 1.0, 1.0]"
37,5,0.08913489913923994,0.9858088930936613,"[0.07294291732421912, 0.031838406339589065, 0.08913489913923994]","[0.9796594134342479, 0.9971617786187322, 0.9858088930936613]"
37,7,5.212428346346838e-05,1.0,"[9.469805831251892e-05, 6.803763905984603e-05, 5.212428346346838e-05]","[1.0, 1.0, 1.0]"
38,2,0.0013508991790277993,1.0,"[0.006583048835369375, 0.001742621323929223, 0.0013508991790277993]","[1.0, 1.0, 1.0]"
38,4,0.0010914278844960362,1.0,"[0.007779129130272742, 0.0020157598380191144, 0.0010914278844960362]","[0.9995381062355658, 1.0, 1.0]"
38,8,8.025129290851483e-05,1.0,"[0.00010914631859508738, 0.00011508809835835233, 8.025129290851483e-05]","[1.0, 1.0, 1.0]"
38,0,0.001089271907831597,1.0,"[0.00715979645439588, 0.001791955012937679, 0.001089271907831597]","[1.0, 1.0, 1.0]"
38,3,0.0012983459660865586,1.0,"[0.007310067334294538, 0.001602644900284598, 0.0012983459660865586]","[1.0, 1.0, 1.0]"
38,7,7.013402688299362e-05,1.0,"[6.0772027306181066e-05, 0.00010258269988601872, 7.013402688299362e-05]","[1.0, 1.0, 1.0]"
38,9,9.780494474398438e-05,1.0,"[6.428545831030615e-05, 0.00012782991766333438, 9.780494474398438e-05]","[1.0, 1.0, 1.0]"
38,14,0.001612445398650104,1.0,"[0.010320291279420031, 0.001305901364310447, 0.001612445398650104]","[0.9976213130352045, 1.0, 1.0]"
38,1,0.0012971303667119868,1.0,"[0.007277528840966304, 0.0016474726212704007, 0.0012971303667119868]","[0.999535747446611, 1.0, 1.0]"
38,5,0.11520816693904207,0.9720908230842006,"[0.06561863820945077, 0.1387054261936368, 0.11520816693904207]","[0.9820245979186376, 0.9981078524124882, 0.9720908230842006]"
38,10,0.02481441227171351,0.9962157048249763,"[0.1602106971310123, 0.08349635534207611, 0.02481441227171351]","[0.9697256385998108, 0.978713339640492, 0.9962157048249763]"
38,12,0.0010367236003124465,1.0,"[0.010581708047538996, 0.0015873251408761876, 0.0010367236003124465]","[0.998088867654085, 1.0, 1.0]"
38,13,0.001518894762160595,1.0,"[0.009825301525945013, 0.0016235009163872085, 0.001518894762160595]","[0.9990476190476191, 1.0, 1.0]"
38,11,0.001467290149197321,1.0,"[0.00939731719325099, 0.001435893615989974, 0.001467290149197321]","[0.9985625299472928, 1.0, 1.0]"
38,6,6.81708472918465e-05,1.0,"[0.00010119615404674374, 8.134006158357035e-05, 6.81708472918465e-05]","[1.0, 1.0, 1.0]"
39,10,0.01942110149641795,0.9990539262062441,"[0.010030831854023477, 0.006391076881246751, 0.01942110149641795]","[0.9981078524124882, 0.9985808893093662, 0.9990539262062441]"
39,11,0.0008823142685066683,1.0,"[0.008325094201912483, 0.0018119193352476666, 0.0008823142685066683]","[0.9990416866315285, 1.0, 1.0]"
39,14,0.0009128414217918886,1.0,"[0.00934895362253442, 0.00121530852188836, 0.0009128414217918886]","[0.9990485252140818, 1.0, 1.0]"
39,5,0.0058866732202552475,0.9995269631031221,"[0.011597937407821198, 0.0071948184511925585, 0.0058866732202552475]","[0.9981078524124882, 0.9995269631031221, 0.9995269631031221]"
39,4,0.0016945634201607283,1.0,"[0.008083570841015042, 0.0017411004176692052, 0.0016945634201607283]","[0.9990762124711317, 1.0, 1.0]"
39,7,6.588508194633478e-05,1.0,"[0.00011546529144239189, 8.047491996187477e-05, 6.588508194633478e-05]","[1.0, 1.0, 1.0]"
39,8,7.350581858411192e-05,1.0,"[9.110018739496202e-05, 7.732291245095742e-05, 7.350581858411192e-05]","[1.0, 1.0, 1.0]"
39,9,6.8208698587224e-05,1.0,"[9.407104511355459e-05, 8.183740029573639e-05, 6.8208698587224e-05]","[1.0, 1.0, 1.0]"
39,1,0.0010515805171213716,1.0,"[0.005817659983329256, 0.00165020496248925, 0.0010515805171213716]","[1.0, 1.0, 1.0]"
39,2,0.0009145171104190761,1.0,"[0.007182211580905406, 0.0012092452414114686, 0.0009145171104190761]","[0.999534233814625, 1.0, 1.0]"
39,6,6.004464331922601e-05,1.0,"[5.541897889722322e-05, 7.714603733885187e-05, 6.004464331922601e-05]","[1.0, 1.0, 1.0]"
39,0,0.0014136817275464315,1.0,"[0.006838557512417217, 0.0015020802897839423, 0.0014136817275464315]","[1.0, 1.0, 1.0]"
39,13,0.0009959948665434213,1.0,"[0.00854045931235746, 0.0017293293547647243, 0.0009959948665434213]","[0.9990476190476191, 1.0, 1.0]"
39,12,0.001179415530659202,1.0,"[0.00909879337290697, 0.001210018131656177, 0.001179415530659202]","[0.9990444338270426, 1.0, 1.0]"
39,3,0.0014760346864076221,1.0,"[0.00639283174292787, 0.001638568689539919, 0.0014760346864076221]","[1.0, 1.0, 1.0]"
40,13,0.0008674859736030074,1.0,"[0.0075049899857152595, 0.0012265502626894777, 0.0008674859736030074]","[0.9990476190476191, 1.0, 1.0]"
40,10,0.017427657258368152,0.9971617786187322,"[0.03672723570044207, 0.01501829847042887, 0.017427657258368152]","[0.9905392620624409, 0.9976348155156102, 0.9971617786187322]"
40,3,0.0009781573590932086,1.0,"[0.005867700106190408, 0.0014163967554101393, 0.0009781573590932086]","[1.0, 1.0, 1.0]"
40,11,0.0009417687128227429,1.0,"[0.007157945776160694, 0.0014437121748359818, 0.0009417687128227429]","[0.9995208433157643, 1.0, 1.0]"
40,1,0.0009730989250409253,1.0,"[0.005916977513526731, 0.0014055348943015013, 0.0009730989250409253]","[0.9986072423398329, 1.0, 1.0]"
40,12,0.000847665408703809,1.0,"[0.00813836885164633, 0.001276650291401893, 0.000847665408703809]","[0.9990444338270426, 1.0, 1.0]"
40,6,7.157764621572851e-05,1.0,"[8.552994575328546e-05, 0.00011763699297840834, 7.157764621572851e-05]","[1.0, 1.0, 1.0]"
40,2,0.0009781892192276085,1.0,"[0.007450160395819694, 0.0016659847306608059, 0.0009781892192276085]","[0.9986027014438752, 1.0, 1.0]"
40,7,5.203981604471196e-05,1.0,"[5.315100354368262e-05, 0.00012853877295569737, 5.203981604471196e-05]","[1.0, 1.0, 1.0]"
40,5,0.059399384719333335,0.9995269631031221,"[0.0058105188834494635, 0.007690516196068048, 0.059399384719333335]","[0.9995269631031221, 0.9981078524124882, 0.9995269631031221]"
40,8,6.358526507304332e-05,1.0,"[6.740527020486876e-05, 6.986667182046045e-05, 6.358526507304332e-05]","[1.0, 1.0, 1.0]"
40,4,0.0010620364380027989,1.0,"[0.005770131842890645, 0.0012536102166289791, 0.0010620364380027989]","[1.0, 1.0, 1.0]"
40,14,0.0012357595516015972,1.0,"[0.014038089475820236, 0.0018044938104029632, 0.0012357595516015972]","[0.9957183634633682, 1.0, 1.0]"
40,0,0.0008840771975776399,1.0,"[0.006644602786229157, 0.0015670400581952622, 0.0008840771975776399]","[0.9986098239110287, 1.0, 1.0]"
40,9,0.00031721981918742654,1.0,"[5.8919458421190605e-05, 8.237665805967426e-05, 0.00031721981918742654]","[1.0, 1.0, 1.0]"
41,14,0.00162525543198695,1.0,"[0.006829441385696445, 0.0011834420782344585, 0.00162525543198695]","[1.0, 1.0, 1.0]"
41,2,0.0010494596653563134,1.0,"[0.004956161022966947, 0.0012373578536105068, 0.0010494596653563134]","[0.999534233814625, 1.0, 1.0]"
41,5,0.008031827195629697,0.9995269631031221,"[0.11054504525792949, 0.01778462531236822, 0.008031827195629697]","[0.9697256385998108, 0.9976348155156102, 0.9995269631031221]"
41,10,0.01413747392464703,0.9962157048249763,"[0.00385724104468382, 0.013464092951514484, 0.01413747392464703]","[0.9995269631031221, 0.9995269631031221, 0.9962157048249763]"
41,11,0.0007432616919025102,1.0,"[0.00688032038989618, 0.0011894874288841631, 0.0007432616919025102]","[0.9985625299472928, 1.0, 1.0]"
41,9,6.464096148909337e-05,1.0,"[0.00013769943584382858, 7.188042730955534e-05, 6.464096148909337e-05]","[1.0, 1.0, 1.0]"
41,4,0.001280596770811826,1.0,"[0.005610144495114903, 0.001214958228314679, 0.001280596770811826]","[0.9995381062355658, 1.0, 1.0]"
41,13,0.000988410895154106,1.0,"[0.0077490690128990646, 0.0018614130906026924, 0.000988410895154106]","[0.9985714285714286, 1.0, 1.0]"
41,8,7.500095715372343e-05,1.0,"[6.479057375338127e-05, 5.4240998052233465e-05, 7.500095715372343e-05]","[1.0, 1.0, 1.0]"
41,3,0.0010149654579650173,1.0,"[0.0055636239224387445, 0.0011776872116195805, 0.0010149654579650173]","[0.9995361781076066, 1.0, 1.0]"
41,0,0.000904462462024051,1.0,"[0.005772419530651806, 0.0013945084561676007, 0.000904462462024051]","[0.9990732159406858, 1.0, 1.0]"
41,1,0.0010791470199097495,1.0,"[0.005277435795184882, 0.001336767230360933, 0.0010791470199097495]","[0.999535747446611, 1.0, 1.0]"
41,6,4.1205509246951394e-05,1.0,"[6.410244179388621e-05, 6.588483869784272e-05, 4.1205509246951394e-05]","[1.0, 1.0, 1.0]"
41,7,5.400521386587626e-05,1.0,"[4.459294574520424e-05, 4.751427028774439e-05, 5.400521386587626e-05]","[1.0, 1.0, 1.0]"
41,12,0.0010077171556820924,1.0,"[0.007516848724194322, 0.00193326400635256, 0.0010077171556820924]","[0.9995222169135213, 1.0, 1.0]"
42,0,0.0009468398852999706,1.0,"[0.004688575129394475, 0.001184588039691067, 0.0009468398852999706]","[1.0, 1.0, 1.0]"
42,11,0.0011500675481687667,1.0,"[0.006592034305812735, 0.0009689555868548764, 0.0011500675481687667]","[0.9995208433157643, 1.0, 1.0]"
42,12,0.0008253070718086692,1.0,"[0.007490623103821594, 0.0010895674243908036, 0.0008253070718086692]","[0.9990444338270426, 1.0, 1.0]"
42,1,0.0008691771363373846,1.0,"[0.004549022644128212, 0.0013307479008183103, 0.0008691771363373846]","[1.0, 1.0, 1.0]"
42,4,0.001118744397364721,1.0,"[0.004534898858229794, 0.0014151630594449885, 0.001118744397364721]","[1.0, 1.0, 1.0]"
42,13,0.0009346441753829519,1.0,"[0.009284136326503798, 0.002296349123670635, 0.0009346441753829519]","[0.9966666666666667, 1.0, 1.0]"
42,10,0.0020245592519024607,1.0,"[0.00797144960190909, 0.0026518003621330377, 0.0020245592519024607]","[0.9995269631031221, 1.0, 1.0]"
42,7,7.292264898282927e-05,1.0,"[6.356921524760158e-05, 5.4465814559300654e-05, 7.292264898282927e-05]","[1.0, 1.0, 1.0]"
42,9,7.993428004159465e-05,1.0,"[9.316183626872248e-05, 5.816300378655521e-05, 7.993428004159465e-05]","[1.0, 1.0, 1.0]"
42,14,0.0008079294542161127,1.0,"[0.0062007481288729295, 0.0010985188172057722, 0.0008079294542161127]","[0.9995242626070409, 1.0, 1.0]"
42,5,0.005286171299624531,0.9995269631031221,"[0.006390760305186953, 0.004413634122636936, 0.005286171299624531]","[0.9995269631031221, 0.9995269631031221, 0.9995269631031221]"
42,8,6.964839568271682e-05,1.0,"[7.001017288668223e-05, 8.288945432330806e-05, 6.964839568271682e-05]","[1.0, 1.0, 1.0]"
42,2,0.0008581588763798423,1.0,"[0.004807694750043619, 0.0013480136934530867, 0.0008581588763798423]","[1.0, 1.0, 1.0]"
42,3,0.000826213025207193,1.0,"[0.005147670820245848, 0.001522052873898407, 0.000826213025207193]","[0.9995361781076066, 1.0, 1.0]"
42,6,5.913504402556238e-05,1.0,"[0.0001063398776750546, 6.820647492779905e-05, 5.913504402556238e-05]","[1.0, 1.0, 1.0]"
43,4,0.0010037855005494373,1.0,"[0.00418190932353301, 0.0011334359519156244, 0.0010037855005494373]","[1.0, 1.0, 1.0]"
43,14,0.0007227482768057873,1.0,"[0.005458723168086373, 0.0013748190901947744, 0.0007227482768057873]","[1.0, 1.0, 1.0]"
43,2,0.0011728380632121116,1.0,"[0.004820282245739637, 0.0014792489391231142, 0.0011728380632121116]","[0.9990684676292502, 1.0, 1.0]"
43,1,0.0008591117032611853,1.0,"[0.004191092674291748, 0.0016714178790982045, 0.0008591117032611853]","[1.0, 1.0, 1.0]"
43,9,9.296189333933096e-05,1.0,"[7.471806527588122e-05, 7.845823915197275e-05, 9.296189333933096e-05]","[1.0, 1.0, 1.0]"
43,5,0.057996821921893996,0.9862819299905392,"[0.005588036383200875, 0.040504467234474276, 0.057996821921893996]","[0.9995269631031221, 0.9990539262062441, 0.9862819299905392]"
43,0,0.0009617770796039087,1.0,"[0.006235107399441083, 0.0013420982936890248, 0.0009617770796039087]","[0.9990732159406858, 1.0, 1.0]"
43,7,4.5267834910632565e-05,1.0,"[6.521953130714158e-05, 7.047475926149424e-05, 4.5267834910632565e-05]","[1.0, 1.0, 1.0]"
43,3,0.0008610688973396249,1.0,"[0.004771069287979866, 0.0012661153099650297, 0.0008610688973396249]","[1.0, 1.0, 1.0]"
43,11,0.00090728334599231,1.0,"[0.00612128941363401, 0.001256515192587606, 0.00090728334599231]","[0.9985625299472928, 1.0, 1.0]"
43,10,0.0010907778478748001,1.0,"[0.008920934792566934, 0.004514084393175675, 0.0010907778478748001]","[0.9995269631031221, 0.9985808893093662, 1.0]"
43,13,0.0009916675405816711,1.0,"[0.004938336703079668, 0.0014931868063285947, 0.0009916675405816711]","[1.0, 1.0, 1.0]"
43,8,6.440410459507609e-05,1.0,"[6.674590583839525e-05, 6.415025315866593e-05, 6.440410459507609e-05]","[1.0, 1.0, 1.0]"
43,6,6.430655759521125e-05,1.0,"[7.483394300365806e-05, 6.387299755729283e-05, 6.430655759521125e-05]","[1.0, 1.0, 1.0]"
43,12,0.0010998644672023754,1.0,"[0.006498642286963083, 0.0010794394713064487, 0.0010998644672023754]","[0.9985666507405638, 1.0, 1.0]"
44,5,0.03687283941347713,0.9895931882686849,"[0.017871059636544326, 0.016046828508157942, 0.03687283941347713]","[0.9971617786187322, 0.9995269631031221, 0.9895931882686849]"
44,3,0.0007488327811348855,1.0,"[0.003977292708655381, 0.0012252987516523503, 0.0007488327811348855]","[1.0, 1.0, 1.0]"
44,7,6.22751306791818e-05,1.0,"[4.194715543373163e-05, 3.900965745715163e-05, 6.22751306791818e-05]","[1.0, 1.0, 1.0]"
44,10,0.09036239665275549,0.9772942289498581,"[0.001581178856534226, 0.05006495403572712, 0.09036239665275549]","[1.0, 0.9990539262062441, 0.9772942289498581]"
44,1,0.0008166417032685678,1.0,"[0.003756839466993423, 0.0013652208393015077, 0.0008166417032685678]","[1.0, 1.0, 1.0]"
44,8,5.505398373564028e-05,1.0,"[5.056758307160415e-05, 5.155923954038316e-05, 5.505398373564028e-05]","[1.0, 1.0, 1.0]"
44,9,9.560035736781587e-05,1.0,"[7.353061752810115e-05, 8.650917130360153e-05, 9.560035736781587e-05]","[1.0, 1.0, 1.0]"
44,13,0.0007935596460645849,1.0,"[0.006785434086905849, 0.0013797997900948042, 0.0007935596460645849]","[0.9990476190476191, 1.0, 1.0]"
44,0,0.0008136742356274387,1.0,"[0.0039035680032718707, 0.0010785295376348693, 0.0008136742356274387]","[0.9995366079703429, 1.0, 1.0]"
44,14,0.0008625391902486709,1.0,"[0.006135278294977704, 0.0010284396879741866, 0.0008625391902486709]","[1.0, 1.0, 1.0]"
44,2,0.0008382475857883144,1.0,"[0.0034245201318031725, 0.0013293080025023835, 0.0008382475857883144]","[1.0, 1.0, 1.0]"
44,11,0.0009360671172158397,1.0,"[0.007522679360893865, 0.00487954092430741, 0.0009360671172158397]","[0.9995208433157643, 0.9995208433157643, 1.0]"
44,4,0.001059550721787245,1.0,"[0.004235002818270861, 0.0012002136500086635, 0.001059550721787245]","[1.0, 1.0, 1.0]"
44,6,7.539047667457702e-05,1.0,"[6.684827128606919e-05, 5.5059415017515704e-05, 7.539047667457702e-05]","[1.0, 1.0, 1.0]"
44,12,0.0008142296979768258,1.0,"[0.005720861354899226, 0.0010107534127944912, 0.0008142296979768258]","[0.9995222169135213, 1.0, 1.0]"
45,7,8.939606995585508e-05,1.0,"[4.565428932409938e-05, 5.6726006815469276e-05, 8.939606995585508e-05]","[1.0, 1.0, 1.0]"
45,3,0.0008193398440626505,1.0,"[0.003993969364434152, 0.0012436406806741347, 0.0008193398440626505]","[1.0, 1.0, 1.0]"
45,14,0.0006866022092501887,1.0,"[0.0048227162403760085, 0.0013521204166340106, 0.0006866022092501887]","[1.0, 1.0, 1.0]"
45,10,0.071662294337704,0.9981078524124882,"[0.0941736624826102, 0.06973033460021458, 0.071662294337704]","[0.9990539262062441, 0.9824976348155157, 0.9981078524124882]"
45,1,0.0007077713260728427,1.0,"[0.0046931545212454, 0.001026018080986379, 0.0007077713260728427]","[0.9976787372330548, 1.0, 1.0]"
45,4,0.0007067830062142628,1.0,"[0.0039860463533413545, 0.0012214997824391022, 0.0007067830062142628]","[0.9990762124711317, 1.0, 1.0]"
45,2,0.0007580370267319,1.0,"[0.004329348791061956, 0.0013562342364286236, 0.0007580370267319]","[0.999534233814625, 1.0, 1.0]"
45,5,0.00928302334025776,0.9976348155156102,"[0.03872023524480242, 0.20163487039013384, 0.00928302334025776]","[0.9981078524124882, 0.9474929044465469, 0.9976348155156102]"
45,6,6.302405635131325e-05,1.0,"[6.0680200146056116e-05, 5.205932759991177e-05, 6.302405635131325e-05]","[1.0, 1.0, 1.0]"
45,12,0.0006722768567587165,1.0,"[0.0044759029441400235, 0.0014867224884007803, 0.0006722768567587165]","[1.0, 1.0, 1.0]"
45,0,0.0010098562026327914,1.0,"[0.0036079180307056315, 0.0009853185123681802, 0.0010098562026327914]","[1.0, 1.0, 1.0]"
45,13,0.0008462060359306633,1.0,"[0.004401001849945522, 0.001737824684382896, 0.0008462060359306633]","[1.0, 1.0, 1.0]"
45,8,6.389912833225081e-05,1.0,"[4.25589834335507e-05, 4.929109369792665e-05, 6.389912833225081e-05]","[1.0, 1.0, 1.0]"
45,9,9.730446463711841e-05,1.0,"[8.585247258341758e-05, 6.653795687518802e-05, 9.730446463711841e-05]","[1.0, 1.0, 1.0]"
45,11,0.0008340028148130373,1.0,"[0.004848444889031463, 0.0010462515391268287, 0.0008340028148130373]","[0.9995208433157643, 1.0, 1.0]"
46,1,0.0007540426835047957,1.0,"[0.0035406608315979075, 0.0011684331847765647, 0.0007540426835047957]","[1.0, 1.0, 1.0]"
46,0,0.0007458867664407829,1.0,"[0.0035136611669954352, 0.001033808890497312, 0.0007458867664407829]","[1.0, 1.0, 1.0]"
46,5,0.13615415195989258,0.9612109744560076,"[0.050188217070706954, 0.3798268213868141, 0.13615415195989258]","[0.9995269631031221, 0.8987701040681173, 0.9612109744560076]"
46,4,0.0009006731304586591,1.0,"[0.003475078912314904, 0.001403163166661911, 0.0009006731304586591]","[1.0, 1.0, 1.0]"
46,13,0.0007240705317323745,1.0,"[0.004851080999342781, 0.0010719602225545907, 0.0007240705317323745]","[0.9990476190476191, 1.0, 1.0]"
46,9,6.210673459325776e-05,1.0,"[6.14108323519979e-05, 4.92913603176765e-05, 6.210673459325776e-05]","[1.0, 1.0, 1.0]"
46,11,0.0007360105263422046,1.0,"[0.005040628369897604, 0.000944841825967711, 0.0007360105263422046]","[0.9990416866315285, 1.0, 1.0]"
46,6,7.163434331618411e-05,1.0,"[9.785187169406775e-05, 5.107304368169879e-05, 7.163434331618411e-05]","[1.0, 1.0, 1.0]"
46,3,0.0009353651428896495,1.0,"[0.003287544718820273, 0.001076204888865023, 0.0009353651428896495]","[1.0, 1.0, 1.0]"
46,14,0.0008875923539921077,1.0,"[0.004838570550253446, 0.0009860255434460034, 0.0008875923539921077]","[1.0, 1.0, 1.0]"
46,2,0.0010324257181149304,1.0,"[0.0038473007854704254, 0.0011758440720287206, 0.0010324257181149304]","[0.999534233814625, 1.0, 1.0]"
46,8,5.689883696366892e-05,1.0,"[5.207085726424614e-05, 4.335271842137445e-05, 5.689883696366892e-05]","[1.0, 1.0, 1.0]"
46,7,5.873132266225928e-05,1.0,"[5.095304765167054e-05, 5.016437121825716e-05, 5.873132266225928e-05]","[1.0, 1.0, 1.0]"
46,12,0.0008445821947658039,1.0,"[0.005761180020106787, 0.0009770942931275138, 0.0008445821947658039]","[0.9990444338270426, 1.0, 1.0]"
46,10,0.007049776276450276,0.9990539262062441,"[0.07988783588413806, 0.013905419303816469, 0.007049776276450276]","[0.9820245979186376, 0.9966887417218543, 0.9990539262062441]"
47,4,0.0006983697171295609,1.0,"[0.0032278533703099716, 0.0011116495152236894, 0.0006983697171295609]","[1.0, 1.0, 1.0]"
47,1,0.0007918928878258585,1.0,"[0.0030869564695475515, 0.0009610498005606453, 0.0007918928878258585]","[1.0, 1.0, 1.0]"
47,3,0.0007332413746660356,1.0,"[0.003917910167194136, 0.001073443122817587, 0.0007332413746660356]","[0.9990723562152134, 1.0, 1.0]"
47,0,0.0007535024333800025,1.0,"[0.0038454431906917736, 0.0012716583219384227, 0.0007535024333800025]","[0.9995366079703429, 1.0, 1.0]"
47,14,0.0008182065855979806,1.0,"[0.00455901229570648, 0.001262302185006609, 0.0008182065855979806]","[0.9990485252140818, 1.0, 1.0]"
47,7,4.021847863358826e-05,1.0,"[4.898180971698215e-05, 5.121579526916541e-05, 4.021847863358826e-05]","[1.0, 1.0, 1.0]"
47,8,5.571202696459791e-05,1.0,"[6.862078071483693e-05, 4.884006739303004e-05, 5.571202696459791e-05]","[1.0, 1.0, 1.0]"
47,2,0.0006984960063538678,1.0,"[0.0033146946447874036, 0.0008379166024764452, 0.0006984960063538678]","[1.0, 1.0, 1.0]"
47,13,0.0006619141565875686,1.0,"[0.005223660509341933, 0.0010565328200093725, 0.0006619141565875686]","[0.9990476190476191, 1.0, 1.0]"
47,11,0.0006542831313598788,1.0,"[0.003880181875446755, 0.0009492509769078231, 0.0006542831313598788]","[1.0, 1.0, 1.0]"
47,12,0.0008635908152703478,1.0,"[0.005814449228416903, 0.001115597283580538, 0.0008635908152703478]","[0.9990444338270426, 1.0, 1.0]"
47,9,4.410783411444616e-05,1.0,"[6.56292162272042e-05, 6.791054472683534e-05, 4.410783411444616e-05]","[1.0, 1.0, 1.0]"
47,5,0.15615181137314615,0.978713339640492,"[0.0748540481333347, 0.09502878065412755, 0.15615181137314615]","[0.9962157048249763, 0.9820245979186376, 0.978713339640492]"
47,10,0.08933277396478362,0.9957426679280984,"[0.005052096995367559, 0.017834242209038863, 0.08933277396478362]","[0.9995269631031221, 0.9995269631031221, 0.9957426679280984]"
47,6,4.865661371282344e-05,1.0,"[7.405092787159833e-05, 4.2136742635965206e-05, 4.865661371282344e-05]","[1.0, 1.0, 1.0]"
48,12,0.0007173535449317459,1.0,"[0.005060671084334679, 0.0016683477275144082, 0.0007173535449317459]","[0.9990444338270426, 1.0, 1.0]"
48,7,7.014109227880412e-05,1.0,"[0.00015544615537995318, 5.2154991532337256e-05, 7.014109227880412e-05]","[1.0, 1.0, 1.0]"
48,10,0.006293047365033999,0.9985808893093662,"[0.09192625862573657, 0.009258907397880274, 0.006293047365033999]","[0.9697256385998108, 0.9976348155156102, 0.9985808893093662]"
48,13,0.0008097532642723033,1.0,"[0.0037777736962942236, 0.001093409964320899, 0.0008097532642723033]","[0.9995238095238095, 1.0, 1.0]"
48,8,6.18269421631174e-05,1.0,"[8.720038672574006e-05, 0.00012107493032751584, 6.18269421631174e-05]","[1.0, 1.0, 1.0]"
48,6,6.768231651221868e-05,1.0,"[4.6707552566217736e-05, 4.530040160082563e-05, 6.768231651221868e-05]","[1.0, 1.0, 1.0]"
48,9,6.560779338266884e-05,1.0,"[5.6468187970246866e-05, 4.518262369057277e-05, 6.560779338266884e-05]","[1.0, 1.0, 1.0]"
48,11,0.0008005889169660143,1.0,"[0.003744849917535303, 0.0011494008305651898, 0.0008005889169660143]","[0.9995208433157643, 1.0, 1.0]"
48,4,0.0007215185674688066,1.0,"[0.0032551367578836266, 0.0009076146884848747, 0.0007215185674688066]","[1.0, 1.0, 1.0]"
48,2,0.000673278485705583,1.0,"[0.0028480368269169156, 0.0011080459371441975, 0.000673278485705583]","[1.0, 1.0, 1.0]"
48,3,0.0009046126754529884,1.0,"[0.00344474012415637, 0.0009558355523040518, 0.0009046126754529884]","[1.0, 1.0, 1.0]"
48,0,0.0006575101082596709,1.0,"[0.003064575555446722, 0.0011240265166099347, 0.0006575101082596709]","[1.0, 1.0, 1.0]"
48,14,0.000643081806959923,1.0,"[0.004026936853981831, 0.0010351332214971383, 0.000643081806959923]","[1.0, 1.0, 1.0]"
48,5,0.05474638602668967,0.9976348155156102,"[0.12230164617957438, 0.018635454971124146, 0.05474638602668967]","[0.966414380321665, 0.9985808893093662, 0.9976348155156102]"
48,1,0.0006661242360303946,1.0,"[0.0029387708585572373, 0.0009876296689446248, 0.0006661242360303946]","[1.0, 1.0, 1.0]"
49,6,4.142196176513663e-05,1.0,"[4.622256944981707e-05, 5.766437728501236e-05, 4.142196176513663e-05]","[1.0, 1.0, 1.0]"
49,13,0.0005973748365332457,1.0,"[0.004133695667736571, 0.0010291233131393903, 0.0005973748365332457]","[0.9995238095238095, 1.0, 1.0]"
49,0,0.0006985967792228193,1.0,"[0.003007958667106269, 0.0010389575926477417, 0.0006985967792228193]","[1.0, 1.0, 1.0]"
49,2,0.0006174123015679309,1.0,"[0.002772479355746113, 0.0008935770336607032, 0.0006174123015679309]","[1.0, 1.0, 1.0]"
49,7,6.837157993824363e-05,1.0,"[5.177025487875763e-05, 5.760023368290576e-05, 6.837157993824363e-05]","[1.0, 1.0, 1.0]"
49,12,0.0017033599980288382,1.0,"[0.003989336211375441, 0.0009445160509185922, 0.0017033599980288382]","[1.0, 1.0, 1.0]"
49,1,0.0009128248493652791,1.0,"[0.003535676434266326, 0.0006873965073335806, 0.0009128248493652791]","[1.0, 1.0, 1.0]"
49,9,4.4252331380531274e-05,1.0,"[4.515820706508362e-05, 4.365374226119567e-05, 4.4252331380531274e-05]","[1.0, 1.0, 1.0]"
49,14,0.0008430753157220104,1.0,"[0.0037387979100458324, 0.0012327290103051134, 0.0008430753157220104]","[1.0, 1.0, 1.0]"
49,5,0.12331795417155851,0.9843897824030274,"[0.16521604433107903, 0.19397207612500472, 0.12331795417155851]","[0.9687795648060549, 0.9422894985808893, 0.9843897824030274]"
49,3,0.0008045212701236939,1.0,"[0.003780467466533403, 0.0008198321610346765, 0.0008045212701236939]","[1.0, 1.0, 1.0]"
49,10,0.01053010267616414,0.9976348155156102,"[0.035426425340975745, 0.12058521512731471, 0.01053010267616414]","[0.9995269631031221, 0.9631031220435194, 0.9976348155156102]"
49,11,0.0007581235770361893,1.0,"[0.0038067244635330458, 0.0011642465463162146, 0.0007581235770361893]","[0.9995208433157643, 1.0, 1.0]"
49,4,0.000832252878942253,1.0,"[0.0026950374920167684, 0.00096026664130691, 0.000832252878942253]","[1.0, 1.0, 1.0]"
49,8,6.322807381696872e-05,1.0,"[6.487714017566759e-05, 5.001598837032251e-05, 6.322807381696872e-05]","[1.0, 1.0, 1.0]"
50,0,0.0007317543790764723,1.0,"[0.002533634684582734, 0.0009410483454463675, 0.0007317543790764723]","[1.0, 1.0, 1.0]"
50,11,0.0006982794924018284,1.0,"[0.003985316646073691, 0.0013978740793060172, 0.0006982794924018284]","[0.9995208433157643, 1.0, 1.0]"
50,2,0.0006904490155113093,1.0,"[0.0032860233974026736, 0.0008585158605402445, 0.0006904490155113093]","[0.999534233814625, 1.0, 1.0]"
50,3,0.0006734869127873989,1.0,"[0.0029526578000513837, 0.0006993778832325273, 0.0006734869127873989]","[1.0, 1.0, 1.0]"
50,1,0.0006678723173750126,1.0,"[0.003242527583257898, 0.0010140823416055784, 0.0006678723173750126]","[1.0, 1.0, 1.0]"
50,6,8.058156615306595e-05,1.0,"[3.445055572779948e-05, 4.0893544048065614e-05, 8.058156615306595e-05]","[1.0, 1.0, 1.0]"
50,13,0.0006026008729046831,1.0,"[0.003976112104613672, 0.0008222427982907517, 0.0006026008729046831]","[1.0, 1.0, 1.0]"
50,7,4.1222828864799034e-05,1.0,"[7.999768968147691e-05, 5.421489764888644e-05, 4.1222828864799034e-05]","[1.0, 1.0, 1.0]"
50,12,0.0006135991098937776,1.0,"[0.0037651000047017906, 0.0010964342315370839, 0.0006135991098937776]","[1.0, 1.0, 1.0]"
50,4,0.0005826981924816637,1.0,"[0.0027134662446127657, 0.000980811709750389, 0.0005826981924816637]","[1.0, 1.0, 1.0]"
50,9,7.332913044206869e-05,1.0,"[5.4342598091214754e-05, 4.903243996412846e-05, 7.332913044206869e-05]","[1.0, 1.0, 1.0]"
50,5,0.03229639108073624,0.9924314096499527,"[0.1280007125426303, 0.12079151414389558, 0.03229639108073624]","[0.9626300851466414, 0.9990539262062441, 0.9924314096499527]"
50,14,0.000637196239867163,1.0,"[0.0033556215542679033, 0.0009647230503050554, 0.000637196239867163]","[0.9995242626070409, 1.0, 1.0]"
50,10,0.0666569037215702,0.9995269631031221,"[0.07389073201749638, 0.04681539834778318, 0.0666569037215702]","[0.9995269631031221, 0.9877010406811731, 0.9995269631031221]"
50,8,6.12800313595499e-05,1.0,"[5.684174803635952e-05, 6.752613378260072e-05, 6.12800313595499e-05]","[1.0, 1.0, 1.0]"
51,8,5.319878343443358e-05,1.0,"[4.1584468679943576e-05, 4.945819615165943e-05, 5.319878343443358e-05]","[1.0, 1.0, 1.0]"
51,3,0.0007965735644307535,1.0,"[0.0027782413526438177, 0.0008386532050173948, 0.0007965735644307535]","[1.0, 1.0, 1.0]"
51,12,0.0005694429511839354,1.0,"[0.003509373610458252, 0.0007736285033664017, 0.0005694429511839354]","[1.0, 1.0, 1.0]"
51,4,0.000697476212414639,1.0,"[0.0025845484154107157, 0.001102456492577296, 0.000697476212414639]","[1.0, 1.0, 1.0]"
51,5,0.014255777350626886,0.9981078524124882,"[0.04671404689810622, 0.052101841093698406, 0.014255777350626886]","[0.9976348155156102, 0.9862819299905392, 0.9981078524124882]"
51,7,6.249195523582095e-05,1.0,"[5.1871862717345e-05, 4.9088370084946014e-05, 6.249195523582095e-05]","[1.0, 1.0, 1.0]"
51,2,0.0004769360774148749,1.0,"[0.002925812596325105, 0.0009767303854459897, 0.0004769360774148749]","[1.0, 1.0, 1.0]"
51,11,0.0006141622897385704,1.0,"[0.0034122827469907475, 0.0012200694896323098, 0.0006141622897385704]","[0.9995208433157643, 1.0, 1.0]"
51,13,0.0006636360229811434,1.0,"[0.00385016413708923, 0.0008191437501051096, 0.0006636360229811434]","[0.9995238095238095, 1.0, 1.0]"
51,9,7.221608073891592e-05,1.0,"[4.883398469246458e-05, 6.713379777713932e-05, 7.221608073891592e-05]","[1.0, 1.0, 1.0]"
51,10,0.09685297383967896,0.9929044465468306,"[0.09442804313114132, 0.03606274084064781, 0.09685297383967896]","[0.9768211920529801, 0.9957426679280984, 0.9929044465468306]"
51,0,0.0006792362533708322,1.0,"[0.0026438850567073505, 0.001148594809552271, 0.0006792362533708322]","[1.0, 1.0, 1.0]"
51,1,0.0006736548226292464,1.0,"[0.0028126311337794453, 0.0010752856692039024, 0.0006736548226292464]","[0.999535747446611, 1.0, 1.0]"
51,6,7.987998728684474e-05,1.0,"[5.5251942753922336e-05, 4.9901122276258484e-05, 7.987998728684474e-05]","[1.0, 1.0, 1.0]"
51,14,0.0008224216461795467,1.0,"[0.004219664591470395, 0.0008197811292837176, 0.0008224216461795467]","[1.0, 1.0, 1.0]"
52,6,4.793984570631327e-05,1.0,"[4.9675836525046066e-05, 3.927803928408221e-05, 4.793984570631327e-05]","[1.0, 1.0, 1.0]"
52,12,0.0007506165125188559,1.0,"[0.003498978221393896, 0.0006308036549440162, 0.0007506165125188559]","[1.0, 1.0, 1.0]"
52,7,5.993918178622456e-05,1.0,"[6.079574367587074e-05, 7.389069469354581e-05, 5.993918178622456e-05]","[1.0, 1.0, 1.0]"
52,8,4.365453286013552e-05,1.0,"[0.00010300062766680529, 4.347561199128077e-05, 4.365453286013552e-05]","[1.0, 1.0, 1.0]"
52,0,0.0007923684349995764,1.0,"[0.002124181411037331, 0.000714541959870771, 0.0007923684349995764]","[1.0, 1.0, 1.0]"
52,11,0.000711000048216771,1.0,"[0.003873027690023071, 0.0006895523983985186, 0.000711000048216771]","[0.9990416866315285, 1.0, 1.0]"
52,1,0.0009257456999073518,1.0,"[0.0026220982082818143, 0.0007258181148619555, 0.0009257456999073518]","[1.0, 1.0, 1.0]"
52,14,0.0008131573717533188,1.0,"[0.004874608428288026, 0.0006694729408164593, 0.0008131573717533188]","[0.9995242626070409, 1.0, 1.0]"
52,4,0.000603913068463204,1.0,"[0.0026467704267227367, 0.0007916232408366769, 0.000603913068463204]","[1.0, 1.0, 1.0]"
52,3,0.000817046755400952,1.0,"[0.002386176075293299, 0.0007937760742874268, 0.000817046755400952]","[1.0, 1.0, 1.0]"
52,10,0.07721413040930844,0.9957426679280984,"[0.24434926645720706, 0.04679534079589169, 0.07721413040930844]","[0.9323557237464523, 0.9900662251655629, 0.9957426679280984]"
52,2,0.0006118674367933315,1.0,"[0.0023085280537249193, 0.0009694717065191499, 0.0006118674367933315]","[1.0, 1.0, 1.0]"
52,5,0.009097468600991894,0.9990539262062441,"[0.012047170462798984, 0.009792659349520417, 0.009097468600991894]","[0.9985808893093662, 0.9990539262062441, 0.9990539262062441]"
52,9,5.627766244508552e-05,1.0,"[5.3203316466269e-05, 4.7567982288786546e-05, 5.627766244508552e-05]","[1.0, 1.0, 1.0]"
52,13,0.0005988556914610054,1.0,"[0.004047784560966786, 0.0006991745119166533, 0.0005988556914610054]","[0.9995238095238095, 1.0, 1.0]"
53,9,4.560384216099258e-05,1.0,"[4.8666791619986974e-05, 8.448590266528878e-05, 4.560384216099258e-05]","[1.0, 1.0, 1.0]"
53,0,0.0005585849285125732,1.0,"[0.0023613419325556606, 0.0008405586987090133, 0.0005585849285125732]","[1.0, 1.0, 1.0]"
53,14,0.0006938873918966926,1.0,"[0.002809717489237135, 0.0008148367500821637, 0.0006938873918966926]","[1.0, 1.0, 1.0]"
53,8,4.2959545350062065e-05,1.0,"[5.009057490083664e-05, 8.805037261040663e-05, 4.2959545350062065e-05]","[1.0, 1.0, 1.0]"
53,4,0.0010965191476690747,1.0,"[0.002039457909310894, 0.0009801571962752326, 0.0010965191476690747]","[1.0, 1.0, 1.0]"
53,10,0.03516885663745651,0.9995269631031221,"[0.07532894401811063, 0.005677891766775728, 0.03516885663745651]","[0.978240302743614, 0.9990539262062441, 0.9995269631031221]"
53,12,0.0006540997212251762,1.0,"[0.002902736562783971, 0.0007544209409829681, 0.0006540997212251762]","[1.0, 1.0, 1.0]"
53,1,0.0005557516166899243,1.0,"[0.0023063430785174098, 0.000727749923552277, 0.0005557516166899243]","[1.0, 1.0, 1.0]"
53,5,0.053874609468039125,0.9867549668874173,"[0.006821898517527562, 0.03322528454180643, 0.053874609468039125]","[0.9985808893093662, 0.9985808893093662, 0.9867549668874173]"
53,13,0.0005075886177964452,1.0,"[0.00403283305896559, 0.0013881908547993976, 0.0005075886177964452]","[0.9995238095238095, 1.0, 1.0]"
53,2,0.000825798961587305,1.0,"[0.002890017500784084, 0.001051687920527697, 0.000825798961587305]","[1.0, 1.0, 1.0]"
53,3,0.0004913982137462453,1.0,"[0.0030064927140141234, 0.0007572257172261529, 0.0004913982137462453]","[1.0, 1.0, 1.0]"
53,6,3.6071233394481666e-05,1.0,"[4.603480790661486e-05, 6.952359680409162e-05, 3.6071233394481666e-05]","[1.0, 1.0, 1.0]"
53,11,0.0005237082765564661,1.0,"[0.0026112359465156314, 0.0008168512272690846, 0.0005237082765564661]","[1.0, 1.0, 1.0]"
53,7,5.723230038490852e-05,1.0,"[8.692163572215412e-05, 4.7331050264994815e-05, 5.723230038490852e-05]","[1.0, 1.0, 1.0]"
54,3,0.0006122505061177756,1.0,"[0.00212997078179957, 0.0006206766830633997, 0.0006122505061177756]","[1.0, 1.0, 1.0]"
54,7,4.3791580978766874e-05,1.0,"[5.31077335615533e-05, 4.4151414041345674e-05, 4.3791580978766874e-05]","[1.0, 1.0, 1.0]"
54,2,0.0005282559252330376,1.0,"[0.0025193312612827867, 0.0006203071709879784, 0.0005282559252330376]","[1.0, 1.0, 1.0]"
54,14,0.00051942361151856,1.0,"[0.0028786630842439604, 0.0009803897564504014, 0.00051942361151856]","[1.0, 1.0, 1.0]"
54,6,4.4131379416450564e-05,1.0,"[5.121381279119911e-05, 5.8800568695005495e-05, 4.4131379416450564e-05]","[1.0, 1.0, 1.0]"
54,9,5.3436064897113916e-05,1.0,"[9.185602536462918e-05, 4.8715547508794714e-05, 5.3436064897113916e-05]","[1.0, 1.0, 1.0]"
54,5,0.09414486877401085,0.9985808893093662,"[0.006670038046329008, 0.00757628443705685, 0.09414486877401085]","[0.9985808893093662, 0.9990539262062441, 0.9985808893093662]"
54,13,0.0005513219071100607,1.0,"[0.0028270185875678153, 0.0009770328919826584, 0.0005513219071100607]","[1.0, 1.0, 1.0]"
54,8,4.7440417471410577e-05,1.0,"[4.07893244714201e-05, 4.404670063663754e-05, 4.7440417471410577e-05]","[1.0, 1.0, 1.0]"
54,10,0.004676266830168007,1.0,"[0.15774859494858368, 0.011910759515183814, 0.004676266830168007]","[0.9602649006622517, 0.9985808893093662, 1.0]"
54,12,0.0005510458921145818,1.0,"[0.002539909855730719, 0.0007463684481935519, 0.0005510458921145818]","[1.0, 1.0, 1.0]"
54,11,0.0006541863223185029,1.0,"[0.0029368570928151407, 0.0006028089035570508, 0.0006541863223185029]","[1.0, 1.0, 1.0]"
54,0,0.0005027919743203229,1.0,"[0.0021169947165831484, 0.0007357019263401846, 0.0005027919743203229]","[1.0, 1.0, 1.0]"
54,1,0.0006688164648949169,1.0,"[0.002211342961185009, 0.0011287737399791641, 0.0006688164648949169]","[1.0, 1.0, 1.0]"
54,4,0.000724271773994106,1.0,"[0.002140833988532369, 0.0011290757161880132, 0.000724271773994106]","[1.0, 1.0, 1.0]"
55,0,0.0006338933500742047,1.0,"[0.0021185788534828186, 0.0006561938721193548, 0.0006338933500742047]","[1.0, 1.0, 1.0]"
55,3,0.0005507025600630132,1.0,"[0.001971658039324479, 0.0008638274243019302, 0.0005507025600630132]","[1.0, 1.0, 1.0]"
55,4,0.0006736029685913201,1.0,"[0.0021730336593464017, 0.0007410067465731545, 0.0006736029685913201]","[1.0, 1.0, 1.0]"
55,14,0.0008839662592491192,1.0,"[0.003459628472090558, 0.0007594484733558739, 0.0008839662592491192]","[0.9995242626070409, 1.0, 1.0]"
55,7,5.501077041778692e-05,1.0,"[3.9494042567005664e-05, 3.9244265336134106e-05, 5.501077041778692e-05]","[1.0, 1.0, 1.0]"
55,5,0.023843129459932885,0.9990539262062441,"[0.12004377498455784, 0.009344186099684414, 0.023843129459932885]","[0.9683065279091769, 0.9985808893093662, 0.9990539262062441]"
55,1,0.0006173003352801863,1.0,"[0.0018964245271704653, 0.0007174355696941562, 0.0006173003352801863]","[1.0, 1.0, 1.0]"
55,12,0.0004825287526755622,1.0,"[0.0029593731627700795, 0.0007134425086957035, 0.0004825287526755622]","[1.0, 1.0, 1.0]"
55,13,0.0006431019490154347,1.0,"[0.0027404724581477544, 0.000916917574641323, 0.0006431019490154347]","[1.0, 1.0, 1.0]"
55,8,4.4014121764727555e-05,1.0,"[5.346211797917601e-05, 3.5886012483388186e-05, 4.4014121764727555e-05]","[1.0, 1.0, 1.0]"
55,10,0.0028129630098941132,1.0,"[0.008723815885947688, 0.019791713179609573, 0.0028129630098941132]","[1.0, 0.9943235572374646, 1.0]"
55,9,4.455677194390305e-05,1.0,"[5.449313412651519e-05, 5.701068006270692e-05, 4.455677194390305e-05]","[1.0, 1.0, 1.0]"
55,11,0.00047583479846997017,1.0,"[0.0029861186913242846, 0.001121286620301279, 0.00047583479846997017]","[1.0, 1.0, 1.0]"
55,2,0.0005727982609053416,1.0,"[0.002099000901901437, 0.0006471289106069461, 0.0005727982609053416]","[1.0, 1.0, 1.0]"
55,6,4.68061744785783e-05,1.0,"[6.982507996629768e-05, 5.427484583461509e-05, 4.68061744785783e-05]","[1.0, 1.0, 1.0]"
56,4,0.0005850309916080304,1.0,"[0.001973313120234867, 0.0007429765563061022, 0.0005850309916080304]","[1.0, 1.0, 1.0]"
56,11,0.0007367735529304341,1.0,"[0.003079438461237728, 0.0006326325493511941, 0.0007367735529304341]","[1.0, 1.0, 1.0]"
56,6,4.437823959464863e-05,1.0,"[9.904950600299124e-05, 3.123005623792503e-05, 4.437823959464863e-05]","[1.0, 1.0, 1.0]"
56,12,0.0005657055819138998,1.0,"[0.0024418761057666306, 0.0010923012900589542, 0.0005657055819138998]","[1.0, 1.0, 1.0]"
56,1,0.000620532887029078,1.0,"[0.0023868156139916904, 0.0006507349188562811, 0.000620532887029078]","[1.0, 1.0, 1.0]"
56,2,0.0005224808316116276,1.0,"[0.001994688011644244, 0.0006527179528561913, 0.0005224808316116276]","[1.0, 1.0, 1.0]"
56,13,0.00047723012517742586,1.0,"[0.0029522343609256277, 0.0007131450604929616, 0.00047723012517742586]","[1.0, 1.0, 1.0]"
56,10,0.031756552511497456,0.9910122989593189,"[0.06467681779759005, 0.1472938328378779, 0.031756552511497456]","[0.9995269631031221, 0.967833491012299, 0.9910122989593189]"
56,14,0.00048787331263266617,1.0,"[0.002613581094368728, 0.0007582234419797632, 0.00048787331263266617]","[1.0, 1.0, 1.0]"
56,0,0.0006306497692575623,1.0,"[0.0017744373283622896, 0.0008861411830259706, 0.0006306497692575623]","[1.0, 1.0, 1.0]"
56,9,6.609027492011205e-05,1.0,"[5.565916197872756e-05, 5.327966592824051e-05, 6.609027492011205e-05]","[1.0, 1.0, 1.0]"
56,3,0.0004972032689051155,1.0,"[0.002080100052647621, 0.0007115555696038748, 0.0004972032689051155]","[1.0, 1.0, 1.0]"
56,8,4.871680470607702e-05,1.0,"[7.115190830077292e-05, 6.765143820247789e-05, 4.871680470607702e-05]","[1.0, 1.0, 1.0]"
56,5,0.008909500029403716,0.9985808893093662,"[0.023107583203133854, 0.02120520790306139, 0.008909500029403716]","[0.9962157048249763, 0.9957426679280984, 0.9985808893093662]"
56,7,3.323909539066142e-05,1.0,"[4.4900096768149965e-05, 5.821834301142107e-05, 3.323909539066142e-05]","[1.0, 1.0, 1.0]"
57,14,0.000554687806553292,1.0,"[0.0033059413350808122, 0.000846857389798529, 0.000554687806553292]","[1.0, 1.0, 1.0]"
57,3,0.0006001143658924026,1.0,"[0.0018457479694488404, 0.0007669852643362794, 0.0006001143658924026]","[1.0, 1.0, 1.0]"
57,13,0.0005521406657697463,1.0,"[0.0022138936434533785, 0.001019177954841518, 0.0005521406657697463]","[1.0, 1.0, 1.0]"
57,6,5.30177496164635e-05,1.0,"[3.3799281234016895e-05, 3.958021961531785e-05, 5.30177496164635e-05]","[1.0, 1.0, 1.0]"
57,9,3.801429350212195e-05,1.0,"[5.8147579638347395e-05, 5.532714517771224e-05, 3.801429350212195e-05]","[1.0, 1.0, 1.0]"
57,5,0.03286178521846202,0.9900662251655629,"[0.026623531966298984, 0.07034390577909481, 0.03286178521846202]","[0.9985808893093662, 0.989120151371807, 0.9900662251655629]"
57,10,0.14914514628403328,0.9593188268684958,"[0.05638969280099606, 0.12736231864512185, 0.14914514628403328]","[0.9985808893093662, 0.9815515610217597, 0.9593188268684958]"
57,4,0.0004962662162998801,1.0,"[0.0020205247607972365, 0.0007251934353810023, 0.0004962662162998801]","[1.0, 1.0, 1.0]"
57,7,8.023609059433291e-05,1.0,"[4.343908186097961e-05, 3.7939947023088195e-05, 8.023609059433291e-05]","[1.0, 1.0, 1.0]"
57,1,0.0005194393644855796,1.0,"[0.0020585209867396556, 0.000570434333948309, 0.0005194393644855796]","[1.0, 1.0, 1.0]"
57,0,0.0005110341247499865,1.0,"[0.002078137526576243, 0.0006036363680751118, 0.0005110341247499865]","[1.0, 1.0, 1.0]"
57,12,0.0006195284248943525,1.0,"[0.002450996620058449, 0.0005845523652775834, 0.0006195284248943525]","[1.0, 1.0, 1.0]"
57,8,3.7534606345809266e-05,1.0,"[3.8458030978676327e-05, 4.1192279737019405e-05, 3.7534606345809266e-05]","[1.0, 1.0, 1.0]"
57,2,0.0005639286879587042,1.0,"[0.001936616064460181, 0.0006833439076538471, 0.0005639286879587042]","[1.0, 1.0, 1.0]"
57,11,0.0005324835986936126,1.0,"[0.002262255863928603, 0.0008732030277535545, 0.0005324835986936126]","[1.0, 1.0, 1.0]"
58,8,4.007735479359381e-05,1.0,"[4.163383541846556e-05, 5.111313566885656e-05, 4.007735479359381e-05]","[1.0, 1.0, 1.0]"
58,6,3.8957490522245116e-05,1.0,"[4.991819947242744e-05, 3.442577938337556e-05, 3.8957490522245116e-05]","[1.0, 1.0, 1.0]"
58,11,0.0006469070473086146,1.0,"[0.002284937509984681, 0.0006403253690664177, 0.0006469070473086146]","[1.0, 1.0, 1.0]"
58,12,0.00048514871962128603,1.0,"[0.002174685393445984, 0.0006671505406936349, 0.00048514871962128603]","[1.0, 1.0, 1.0]"
58,10,0.010811316465739818,0.9990539262062441,"[0.07687995608498835, 0.04821309180218069, 0.010811316465739818]","[0.9952696310312205, 0.9867549668874173, 0.9990539262062441]"
58,13,0.0004964083217959287,1.0,"[0.0023304565305200717, 0.0008517854355776569, 0.0004964083217959287]","[1.0, 1.0, 1.0]"
58,7,7.677698120074417e-05,1.0,"[4.4296590479489446e-05, 5.795962172697094e-05, 7.677698120074417e-05]","[1.0, 1.0, 1.0]"
58,14,0.0006521401784001765,1.0,"[0.002354431063092003, 0.0005846684675127493, 0.0006521401784001765]","[1.0, 1.0, 1.0]"
58,1,0.0004940757888321326,1.0,"[0.0018222331101937657, 0.0005662534034961616, 0.0004940757888321326]","[1.0, 1.0, 1.0]"
58,5,0.09646468395701102,0.9990539262062441,"[0.008778030870256344, 0.00304213473239489, 0.09646468395701102]","[0.9971617786187322, 0.9995269631031221, 0.9990539262062441]"
58,4,0.0005505481180187096,1.0,"[0.0018252242512329865, 0.0006694079852690373, 0.0005505481180187096]","[1.0, 1.0, 1.0]"
58,0,0.0006202174948103836,1.0,"[0.001570707863292602, 0.0006268453358001459, 0.0006202174948103836]","[1.0, 1.0, 1.0]"
58,9,7.575408458113529e-05,1.0,"[3.85932986649674e-05, 6.086229234025461e-05, 7.575408458113529e-05]","[1.0, 1.0, 1.0]"
58,3,0.0006209803425864426,1.0,"[0.002858742412439931, 0.0006256095777430079, 0.0006209803425864426]","[0.9995361781076066, 1.0, 1.0]"
58,2,0.0005363589974448961,1.0,"[0.001533233986907255, 0.0007646718903047525, 0.0005363589974448961]","[1.0, 1.0, 1.0]"
59,4,0.0005955857589416316,1.0,"[0.0015662402352866005, 0.0007080227069844328, 0.0005955857589416316]","[1.0, 1.0, 1.0]"
59,3,0.0004851801341454334,1.0,"[0.0017859320702401044, 0.0006192290135967435, 0.0004851801341454334]","[1.0, 1.0, 1.0]"
59,10,0.04322712411008337,0.9881740775780511,"[0.05502915674621951, 0.09890302759595215, 0.04322712411008337]","[0.9976348155156102, 0.9739829706717124, 0.9881740775780511]"
59,1,0.0005208351311225937,1.0,"[0.001560854389989639, 0.0005975635324241867, 0.0005208351311225937]","[1.0, 1.0, 1.0]"
59,0,0.0005190430007025818,1.0,"[0.0018705406957237488, 0.0006739028253565159, 0.0005190430007025818]","[1.0, 1.0, 1.0]"
59,7,4.513825718855845e-05,1.0,"[3.884029350350223e-05, 5.6164637195858326e-05, 4.513825718855845e-05]","[1.0, 1.0, 1.0]"
59,13,0.00111614923772515,1.0,"[0.002224141324404627, 0.0006261103059814284, 0.00111614923772515]","[1.0, 1.0, 1.0]"
59,12,0.00046300393649179375,1.0,"[0.002204271312979417, 0.0006292352971451527, 0.00046300393649179375]","[1.0, 1.0, 1.0]"
59,2,0.0003794370756676311,1.0,"[0.0016660690281937336, 0.0006674712289275383, 0.0003794370756676311]","[1.0, 1.0, 1.0]"
59,5,0.0326058974777184,0.9995269631031221,"[0.09810464399839368, 0.007158468254869256, 0.0326058974777184]","[0.9735099337748344, 0.9990539262062441, 0.9995269631031221]"
59,14,0.0006459847098802019,1.0,"[0.0021518193993181217, 0.0007777961912903596, 0.0006459847098802019]","[1.0, 1.0, 1.0]"
59,8,5.994787958722251e-05,1.0,"[3.8371615918356724e-05, 4.1628260160822805e-05, 5.994787958722251e-05]","[1.0, 1.0, 1.0]"
59,6,5.715180916674647e-05,1.0,"[6.175693788739436e-05, 3.948671350041298e-05, 5.715180916674647e-05]","[1.0, 1.0, 1.0]"
59,9,6.302795488657218e-05,1.0,"[3.091192976364365e-05, 5.18401089776131e-05, 6.302795488657218e-05]","[1.0, 1.0, 1.0]"
59,11,0.00047181618433431583,1.0,"[0.002484237268976303, 0.0011843787294558504, 0.00047181618433431583]","[1.0, 1.0, 1.0]"
60,0,0.0004374023628770374,1.0,"[0.0015765360046369845, 0.0006222525039715145, 0.0004374023628770374]","[1.0, 1.0, 1.0]"
60,5,0.0710329806093154,0.9985808893093662,"[0.11714219131424804, 0.05056252806474838, 0.0710329806093154]","[0.9720908230842006, 0.9877010406811731, 0.9985808893093662]"
60,8,3.796553686918218e-05,1.0,"[4.2442981490845945e-05, 7.730619839121849e-05, 3.796553686918218e-05]","[1.0, 1.0, 1.0]"
60,10,0.13087623955353217,0.9848628192999054,"[0.023143501123687363, 0.045362674953032506, 0.13087623955353217]","[0.9943235572374646, 0.9971617786187322, 0.9848628192999054]"
60,12,0.0005114942707057872,1.0,"[0.002175275098786435, 0.000674999042089577, 0.0005114942707057872]","[1.0, 1.0, 1.0]"
60,7,8.563963257818779e-05,1.0,"[4.854339793823645e-05, 4.362187789383549e-05, 8.563963257818779e-05]","[1.0, 1.0, 1.0]"
60,4,0.0005496690000119783,1.0,"[0.0016080510960070089, 0.0006307843689094571, 0.0005496690000119783]","[1.0, 1.0, 1.0]"
60,11,0.0003973472185228302,1.0,"[0.0019474241804952424, 0.000727075604531406, 0.0003973472185228302]","[1.0, 1.0, 1.0]"
60,14,0.0005736147617095743,1.0,"[0.0018512999302016176, 0.0007608361237075632, 0.0005736147617095743]","[1.0, 1.0, 1.0]"
60,13,0.000649585669937854,1.0,"[0.0019838274288993102, 0.0008398984703517547, 0.000649585669937854]","[1.0, 1.0, 1.0]"
60,3,0.00044761298683143277,1.0,"[0.001539377002593349, 0.0005991452528499341, 0.00044761298683143277]","[1.0, 1.0, 1.0]"
60,1,0.00040531630699714534,1.0,"[0.0016351226385107592, 0.0006983901167747236, 0.00040531630699714534]","[1.0, 1.0, 1.0]"
60,6,6.062956835552485e-05,1.0,"[5.560895844995905e-05, 4.329770132299569e-05, 6.062956835552485e-05]","[1.0, 1.0, 1.0]"
60,9,5.913613864377663e-05,1.0,"[3.3295994371380374e-05, 6.762046048221016e-05, 5.913613864377663e-05]","[1.0, 1.0, 1.0]"
60,2,0.00036669028486358,1.0,"[0.0018006598432240186, 0.0006436507332289373, 0.00036669028486358]","[0.999534233814625, 1.0, 1.0]"
61,7,3.1696288467421915e-05,1.0,"[6.440213821240997e-05, 3.7731148674510855e-05, 3.1696288467421915e-05]","[1.0, 1.0, 1.0]"
61,1,0.0005265329729060314,1.0,"[0.001635923213839038, 0.0005187880335998831, 0.0005265329729060314]","[1.0, 1.0, 1.0]"
61,2,0.0005797814044533024,1.0,"[0.0015507915034986047, 0.0005954895510940868, 0.0005797814044533024]","[1.0, 1.0, 1.0]"
61,4,0.0006061689427416935,1.0,"[0.0012848722698810674, 0.0006576098573585862, 0.0006061689427416935]","[1.0, 1.0, 1.0]"
61,8,5.1987543663540926e-05,1.0,"[5.0287387101420656e-05, 4.915724611871128e-05, 5.1987543663540926e-05]","[1.0, 1.0, 1.0]"
61,12,0.0006561736963428275,1.0,"[0.0018159068581140177, 0.0017650783878652323, 0.0006561736963428275]","[0.9995222169135213, 1.0, 1.0]"
61,11,0.0005595514279169341,1.0,"[0.001929539255797863, 0.0006314613208153539, 0.0005595514279169341]","[1.0, 1.0, 1.0]"
61,0,0.00043620025098789483,1.0,"[0.0014595283137168735, 0.0005446340720107615, 0.00043620025098789483]","[1.0, 1.0, 1.0]"
61,3,0.0005171432849773042,1.0,"[0.0016272491244736181, 0.0006998598627807736, 0.0005171432849773042]","[1.0, 1.0, 1.0]"
61,5,0.043994873169782185,0.9985808893093662,"[0.10054321635021445, 0.031158216869431165, 0.043994873169782185]","[0.9754020813623463, 0.9924314096499527, 0.9985808893093662]"
61,13,0.0005834819757817031,1.0,"[0.002266881766968943, 0.000607335819178402, 0.0005834819757817031]","[1.0, 1.0, 1.0]"
61,14,0.0004318150379483334,1.0,"[0.002538487697937385, 0.0005576432401236767, 0.0004318150379483334]","[1.0, 1.0, 1.0]"
61,6,4.570720391877165e-05,1.0,"[5.088668435884315e-05, 3.090311935066535e-05, 4.570720391877165e-05]","[1.0, 1.0, 1.0]"
61,10,0.05537691217614338,0.9910122989593189,"[0.09126118893019498, 0.08631288376808002, 0.05537691217614338]","[0.9801324503311258, 0.9824976348155157, 0.9910122989593189]"
61,9,4.210373919539217e-05,1.0,"[6.88304664821992e-05, 4.460289864889064e-05, 4.210373919539217e-05]","[1.0, 1.0, 1.0]"
62,2,0.0004847383837948334,1.0,"[0.0014195583678562852, 0.000512902600081254, 0.0004847383837948334]","[1.0, 1.0, 1.0]"
62,5,0.008792620864422881,0.9990539262062441,"[0.14288317329962463, 0.007943099775515935, 0.008792620864422881]","[0.9536423841059603, 0.9990539262062441, 0.9990539262062441]"
62,0,0.0004149205406600445,1.0,"[0.001564051117063226, 0.0006766929205589215, 0.0004149205406600445]","[1.0, 1.0, 1.0]"
62,7,5.416139709158222e-05,1.0,"[4.312253716334729e-05, 3.536585873834238e-05, 5.416139709158222e-05]","[1.0, 1.0, 1.0]"
62,1,0.0005163809914580163,1.0,"[0.0014834499691941721, 0.0007082965406452251, 0.0005163809914580163]","[1.0, 1.0, 1.0]"
62,10,0.05369284931186806,0.9877010406811731,"[0.060754157917793185, 0.052444336018251145, 0.05369284931186806]","[0.9796594134342479, 0.9990539262062441, 0.9877010406811731]"
62,14,0.0005273674985139885,1.0,"[0.0018179763159644085, 0.0006120682863349265, 0.0005273674985139885]","[1.0, 1.0, 1.0]"
62,11,0.0003945135738996958,1.0,"[0.002033279582533534, 0.0005236374819298472, 0.0003945135738996958]","[1.0, 1.0, 1.0]"
62,9,3.898437220910141e-05,1.0,"[3.690685549152091e-05, 4.1599950208998934e-05, 3.898437220910141e-05]","[1.0, 1.0, 1.0]"
62,3,0.000432195865227293,1.0,"[0.0015205724442185944, 0.0005573893735452336, 0.000432195865227293]","[1.0, 1.0, 1.0]"
62,6,3.349383479706541e-05,1.0,"[3.253869379643054e-05, 3.362126787551185e-05, 3.349383479706541e-05]","[1.0, 1.0, 1.0]"
62,4,0.00045371598689063615,1.0,"[0.00239565313591704, 0.0008630639028577955, 0.00045371598689063615]","[0.9995381062355658, 1.0, 1.0]"
62,8,4.121777901948945e-05,1.0,"[3.239803807060305e-05, 3.302182292166187e-05, 4.121777901948945e-05]","[1.0, 1.0, 1.0]"
62,12,0.00039277449435427445,1.0,"[0.0018136433191653905, 0.0006450728723200772, 0.00039277449435427445]","[1.0, 1.0, 1.0]"
62,13,0.0003842926543615194,1.0,"[0.001994036372652221, 0.0008660233006318749, 0.0003842926543615194]","[1.0, 1.0, 1.0]"
63,5,0.05169033584431471,0.9985808893093662,"[0.0641387010948486, 0.18661955511197448, 0.05169033584431471]","[0.9981078524124882, 0.9550614947965941, 0.9985808893093662]"
63,11,0.0004922240182305827,1.0,"[0.002877557178373646, 0.0007928918617615251, 0.0004922240182305827]","[1.0, 1.0, 1.0]"
63,8,3.770265505987812e-05,1.0,"[3.890734442944505e-05, 2.701941489111491e-05, 3.770265505987812e-05]","[1.0, 1.0, 1.0]"
63,3,0.00036923568575944314,1.0,"[0.0018662815076394884, 0.0005505055245628362, 0.00036923568575944314]","[1.0, 1.0, 1.0]"
63,2,0.0004483983956400634,1.0,"[0.00144110042738783, 0.0008930923525921945, 0.0004483983956400634]","[1.0, 1.0, 1.0]"
63,10,0.01442297053804128,0.9962157048249763,"[0.007777755628066028, 0.012861225134282209, 0.01442297053804128]","[0.9985808893093662, 1.0, 0.9962157048249763]"
63,7,5.107378472695762e-05,1.0,"[3.078054330465172e-05, 3.958331062952339e-05, 5.107378472695762e-05]","[1.0, 1.0, 1.0]"
63,1,0.0004658143892918494,1.0,"[0.002885813794016619, 0.0006856143920552259, 0.0004658143892918494]","[1.0, 1.0, 1.0]"
63,6,4.473380919410953e-05,1.0,"[4.2508762762185086e-05, 3.1400820675612934e-05, 4.473380919410953e-05]","[1.0, 1.0, 1.0]"
63,13,0.00052748493114698,1.0,"[0.0019621372004180694, 0.0006065580501771448, 0.00052748493114698]","[1.0, 1.0, 1.0]"
63,12,0.0004781189737982596,1.0,"[0.002000347742013577, 0.0006882422515473356, 0.0004781189737982596]","[0.9995222169135213, 1.0, 1.0]"
63,14,0.0006092649515873442,1.0,"[0.003316787921710674, 0.0006773358763894066, 0.0006092649515873442]","[0.9995242626070409, 1.0, 1.0]"
63,0,0.000483094817301368,1.0,"[0.0014751058248186704, 0.000724615209037438, 0.000483094817301368]","[1.0, 1.0, 1.0]"
63,9,4.947093481005692e-05,1.0,"[4.736416678607577e-05, 6.0426636771422416e-05, 4.947093481005692e-05]","[1.0, 1.0, 1.0]"
63,4,0.000455616952796631,1.0,"[0.0016718206607038155, 0.0005598701040178319, 0.000455616952796631]","[1.0, 1.0, 1.0]"
64,7,3.771054324522883e-05,1.0,"[2.852951453832881e-05, 5.962028965520651e-05, 3.771054324522883e-05]","[1.0, 1.0, 1.0]"
64,10,0.06422739357153393,0.9858088930936613,"[0.006120671176176984, 0.08591530051318627, 0.06422739357153393]","[0.9995269631031221, 0.9990539262062441, 0.9858088930936613]"
64,5,0.09591279307599454,0.9806054872280038,"[0.08427225030712127, 0.05273703733623466, 0.09591279307599454]","[0.9768211920529801, 0.9952696310312205, 0.9806054872280038]"
64,4,0.0004181903846876915,1.0,"[0.0015727067109443905, 0.0004922276382464642, 0.0004181903846876915]","[1.0, 1.0, 1.0]"
64,12,0.0004847367315299132,1.0,"[0.0016177098873551145, 0.0005979392109579886, 0.0004847367315299132]","[1.0, 1.0, 1.0]"
64,14,0.00046573375760944504,1.0,"[0.001953693548619578, 0.000633308816979865, 0.00046573375760944504]","[1.0, 1.0, 1.0]"
64,8,4.716220833374378e-05,1.0,"[4.017945031426445e-05, 3.398363999925399e-05, 4.716220833374378e-05]","[1.0, 1.0, 1.0]"
64,3,0.0004024892965817879,1.0,"[0.0015758829369374057, 0.0005771003771395259, 0.0004024892965817879]","[1.0, 1.0, 1.0]"
64,9,8.424726870130557e-05,1.0,"[3.3155786034264814e-05, 4.535460098078615e-05, 8.424726870130557e-05]","[1.0, 1.0, 1.0]"
64,13,0.00042344218783193463,1.0,"[0.001577990131353903, 0.0005386283173169377, 0.00042344218783193463]","[1.0, 1.0, 1.0]"
64,2,0.0003819213461076074,1.0,"[0.0015591306788230535, 0.0005932503443225013, 0.0003819213461076074]","[1.0, 1.0, 1.0]"
64,11,0.00047454429494047707,1.0,"[0.0021234069744506005, 0.0005925093723679752, 0.00047454429494047707]","[0.9995208433157643, 1.0, 1.0]"
64,1,0.000573994720231413,1.0,"[0.0014963397997609503, 0.0006540212082601262, 0.000573994720231413]","[1.0, 1.0, 1.0]"
64,6,5.182506615572934e-05,1.0,"[6.571153059639707e-05, 3.636457305136983e-05, 5.182506615572934e-05]","[1.0, 1.0, 1.0]"
64,0,0.00038104268734220084,1.0,"[0.001519734294989201, 0.00044305458997020167, 0.00038104268734220084]","[1.0, 1.0, 1.0]"
65,7,3.201573858721972e-05,1.0,"[4.440408161881902e-05, 5.8871097501127444e-05, 3.201573858721972e-05]","[1.0, 1.0, 1.0]"
65,4,0.0004111027125926579,1.0,"[0.0013671210686237935, 0.0005313972758492181, 0.0004111027125926579]","[1.0, 1.0, 1.0]"
65,13,0.0006992903905814852,1.0,"[0.0016740995404578632, 0.0008435155085118657, 0.0006992903905814852]","[1.0, 1.0, 1.0]"
65,10,0.06248709414435057,0.9985808893093662,"[0.006827452716499786, 0.003458991679294473, 0.06248709414435057]","[0.9995269631031221, 0.9995269631031221, 0.9985808893093662]"
65,8,4.3521291776084006e-05,1.0,"[3.5421835022906166e-05, 3.2890424363634366e-05, 4.3521291776084006e-05]","[1.0, 1.0, 1.0]"
65,14,0.00047556100242107993,1.0,"[0.0021100792210111676, 0.0005970687559580035, 0.00047556100242107993]","[1.0, 1.0, 1.0]"
65,9,4.010053398264007e-05,1.0,"[4.3973387012859653e-05, 4.295175475624891e-05, 4.010053398264007e-05]","[1.0, 1.0, 1.0]"
65,0,0.00042254555420881575,1.0,"[0.001393735527766266, 0.0005898353012847057, 0.00042254555420881575]","[1.0, 1.0, 1.0]"
65,11,0.0005302679267267442,1.0,"[0.001787317273820835, 0.0005333411448218887, 0.0005302679267267442]","[1.0, 1.0, 1.0]"
65,5,0.21223270871183453,0.9517502365184485,"[0.12585606309585273, 0.07078789674800218, 0.21223270871183453]","[0.9687795648060549, 0.9971617786187322, 0.9517502365184485]"
65,2,0.0003369080287109896,1.0,"[0.0015755383437328204, 0.0004971534487113412, 0.0003369080287109896]","[1.0, 1.0, 1.0]"
65,3,0.0003866605355356382,1.0,"[0.0013487980536678258, 0.000541413995105198, 0.0003866605355356382]","[1.0, 1.0, 1.0]"
65,12,0.000331822259326917,1.0,"[0.0022396310426605246, 0.0005214013984765519, 0.000331822259326917]","[1.0, 1.0, 1.0]"
65,1,0.0005365609664723332,1.0,"[0.0013706704339710996, 0.000557562815682853, 0.0005365609664723332]","[1.0, 1.0, 1.0]"
65,6,4.961970350422868e-05,1.0,"[3.794416153885488e-05, 7.867016026438884e-05, 4.961970350422868e-05]","[1.0, 1.0, 1.0]"
66,2,0.0009379123751868439,1.0,"[0.0012751691679381218, 0.00046485270585809997, 0.0009379123751868439]","[1.0, 1.0, 1.0]"
66,9,8.089086697344266e-05,1.0,"[6.67242515412385e-05, 4.723374477731396e-05, 8.089086697344266e-05]","[1.0, 1.0, 1.0]"
66,13,0.0005966725760972071,1.0,"[0.0017145344013856216, 0.0006909075362438506, 0.0005966725760972071]","[1.0, 1.0, 1.0]"
66,11,0.0004161067393424949,1.0,"[0.0017510334754743699, 0.0005903576997242811, 0.0004161067393424949]","[1.0, 1.0, 1.0]"
66,3,0.00047056392170762755,1.0,"[0.001553912165143308, 0.0006324396929224296, 0.00047056392170762755]","[1.0, 1.0, 1.0]"
66,14,0.0004331033057744869,1.0,"[0.0016492020001874841, 0.000636268787220064, 0.0004331033057744869]","[1.0, 1.0, 1.0]"
66,8,7.190502156211578e-05,1.0,"[4.7285565718387566e-05, 4.17679031780801e-05, 7.190502156211578e-05]","[1.0, 1.0, 1.0]"
66,6,3.920538305961104e-05,1.0,"[5.488965973310053e-05, 6.454376571954609e-05, 3.920538305961104e-05]","[1.0, 1.0, 1.0]"
66,0,0.00034584165704847476,1.0,"[0.0012058971230598057, 0.0006664087366730467, 0.00034584165704847476]","[1.0, 1.0, 1.0]"
66,7,4.8661939465753015e-05,1.0,"[3.3252583665616285e-05, 5.302324412200092e-05, 4.8661939465753015e-05]","[1.0, 1.0, 1.0]"
66,1,0.00028359737873816975,1.0,"[0.001156830899109242, 0.000781464597393471, 0.00028359737873816975]","[1.0, 1.0, 1.0]"
66,4,0.00039842226054615285,1.0,"[0.0011520386504023062, 0.0006137048309456612, 0.00039842226054615285]","[1.0, 1.0, 1.0]"
66,10,0.009249486694256227,0.9962157048249763,"[0.046836903553305415, 0.02329495683336384, 0.009249486694256227]","[0.9943235572374646, 0.9938505203405865, 0.9962157048249763]"
66,5,0.006193860012846177,1.0,"[0.0881186849095256, 0.0077857249382171125, 0.006193860012846177]","[0.9772942289498581, 0.9990539262062441, 1.0]"
66,12,0.0005701702488515751,1.0,"[0.0016470388350584967, 0.0006785159591042126, 0.0005701702488515751]","[0.9995222169135213, 1.0, 1.0]"
67,10,0.0013151923661044909,1.0,"[0.0021168730771237544, 0.004088165213247789, 0.0013151923661044909]","[0.9990539262062441, 0.9995269631031221, 1.0]"
67,0,0.0004459936394328799,1.0,"[0.0011243736320038272, 0.0004437110615339514, 0.0004459936394328799]","[1.0, 1.0, 1.0]"
67,13,0.00044397853718802446,1.0,"[0.001870005397711683, 0.000404823555127774, 0.00044397853718802446]","[1.0, 1.0, 1.0]"
67,4,0.0003505333815530107,1.0,"[0.001046504361404325, 0.0006191306195379345, 0.0003505333815530107]","[1.0, 1.0, 1.0]"
67,7,3.927187974499468e-05,1.0,"[3.358378379551031e-05, 4.0974459504165374e-05, 3.927187974499468e-05]","[1.0, 1.0, 1.0]"
67,14,0.00038420306659783375,1.0,"[0.0019877823369549305, 0.00047637231931951123, 0.00038420306659783375]","[1.0, 1.0, 1.0]"
67,9,2.8902282792842016e-05,1.0,"[3.5244327756861985e-05, 5.295964685060564e-05, 2.8902282792842016e-05]","[1.0, 1.0, 1.0]"
67,6,5.051949020443399e-05,1.0,"[3.787166847222111e-05, 5.152409038132508e-05, 5.051949020443399e-05]","[1.0, 1.0, 1.0]"
67,5,0.1226422839835697,0.9938505203405865,"[0.03231793250340749, 0.06056784538497381, 0.1226422839835697]","[0.9990539262062441, 0.9895931882686849, 0.9938505203405865]"
67,12,0.0004368397741486798,1.0,"[0.001526086005579793, 0.0005908115100200204, 0.0004368397741486798]","[1.0, 1.0, 1.0]"
67,1,0.0003906587962239214,1.0,"[0.0012862944679321064, 0.0004587523773593335, 0.0003906587962239214]","[1.0, 1.0, 1.0]"
67,8,3.684848051114276e-05,1.0,"[3.5107745823166404e-05, 4.086292262923742e-05, 3.684848051114276e-05]","[1.0, 1.0, 1.0]"
67,11,0.0004952589879394509,1.0,"[0.0014531796094326471, 0.0005794576233408103, 0.0004952589879394509]","[1.0, 1.0, 1.0]"
67,3,0.0002734518386526307,1.0,"[0.0014724112102960456, 0.000617104688203921, 0.0002734518386526307]","[1.0, 1.0, 1.0]"
67,2,0.0005181362554567921,1.0,"[0.0011464972254436683, 0.0004084940403973793, 0.0005181362554567921]","[1.0, 1.0, 1.0]"
68,13,0.0004811650821163009,1.0,"[0.001587138000600548, 0.0005144975619976211, 0.0004811650821163009]","[1.0, 1.0, 1.0]"
68,11,0.0003345491277286783,1.0,"[0.0013974947990694393, 0.0010162979006329833, 0.0003345491277286783]","[1.0, 1.0, 1.0]"
68,10,0.11028763630276765,0.9668874172185431,"[0.047928623147206105, 0.20244139664196958, 0.11028763630276765]","[0.9985808893093662, 0.9796594134342479, 0.9668874172185431]"
68,8,3.34397297840703e-05,1.0,"[3.4317256050240815e-05, 3.47619886793616e-05, 3.34397297840703e-05]","[1.0, 1.0, 1.0]"
68,12,0.00034964502882565176,1.0,"[0.001489509322158428, 0.0005396857714830813, 0.00034964502882565176]","[1.0, 1.0, 1.0]"
68,0,0.00040029250222313055,1.0,"[0.0010772453987395719, 0.00039810467227225136, 0.00040029250222313055]","[1.0, 1.0, 1.0]"
68,2,0.0004592758243020131,1.0,"[0.0011913606191656606, 0.00037224657460362376, 0.0004592758243020131]","[1.0, 1.0, 1.0]"
68,1,0.0004368987198069911,1.0,"[0.001480443895321942, 0.0009095582932144787, 0.0004368987198069911]","[1.0, 1.0, 1.0]"
68,3,0.00037659034248516783,1.0,"[0.0013117056454682503, 0.0006025553041528089, 0.00037659034248516783]","[1.0, 1.0, 1.0]"
68,4,0.0005199540490353041,1.0,"[0.0012333042618325528, 0.0009758655197562321, 0.0005199540490353041]","[1.0, 1.0, 1.0]"
68,9,3.499110965948961e-05,1.0,"[5.990200569420157e-05, 3.108341377700333e-05, 3.499110965948961e-05]","[1.0, 1.0, 1.0]"
68,14,0.00031766968084301686,1.0,"[0.0014709828476153427, 0.0005561875489850839, 0.00031766968084301686]","[1.0, 1.0, 1.0]"
68,5,0.041491062897394466,0.9895931882686849,"[0.10221519903279841, 0.034995595397263324, 0.041491062897394466]","[0.9725638599810785, 0.9976348155156102, 0.9895931882686849]"
68,7,3.573776120902039e-05,1.0,"[4.868222902476907e-05, 3.1372413297614195e-05, 3.573776120902039e-05]","[1.0, 1.0, 1.0]"
68,6,5.0692740015537396e-05,1.0,"[3.3903541737923994e-05, 3.789256339642276e-05, 5.0692740015537396e-05]","[1.0, 1.0, 1.0]"
69,7,2.916739683286957e-05,1.0,"[4.888754527641912e-05, 4.395810504899021e-05, 2.916739683286957e-05]","[1.0, 1.0, 1.0]"
69,8,4.294391741992017e-05,1.0,"[3.942622292511673e-05, 3.1836625043290425e-05, 4.294391741992017e-05]","[1.0, 1.0, 1.0]"
69,1,0.00037368790713919545,1.0,"[0.001292341381914037, 0.0006249640599194475, 0.00037368790713919545]","[1.0, 1.0, 1.0]"
69,4,0.0004111061750924872,1.0,"[0.0011166948217364466, 0.0004003966541323975, 0.0004111061750924872]","[1.0, 1.0, 1.0]"
69,5,0.004525258125367519,0.9995269631031221,"[0.0099441488752799, 0.006582258483189542, 0.004525258125367519]","[0.9990539262062441, 0.9990539262062441, 0.9995269631031221]"
69,14,0.00048281983992748076,1.0,"[0.001287289878360532, 0.0004850787037426154, 0.00048281983992748076]","[1.0, 1.0, 1.0]"
69,9,2.8954787949535813e-05,1.0,"[5.4480735674257055e-05, 3.098647520153353e-05, 2.8954787949535813e-05]","[1.0, 1.0, 1.0]"
69,11,0.00036095384645953095,1.0,"[0.001349975125666595, 0.0006958902597420313, 0.00036095384645953095]","[1.0, 1.0, 1.0]"
69,13,0.0005459954440029281,1.0,"[0.0016118973726406693, 0.0005315266131550412, 0.0005459954440029281]","[1.0, 1.0, 1.0]"
69,6,2.617860150855973e-05,1.0,"[4.3316944990665157e-05, 3.629516995164467e-05, 2.617860150855973e-05]","[1.0, 1.0, 1.0]"
69,10,0.0022160667371388305,1.0,"[0.04607755745254347, 0.003908339309204808, 0.0022160667371388305]","[0.9872280037842952, 0.9990539262062441, 1.0]"
69,3,0.0005047845124328673,1.0,"[0.0010509380748878945, 0.0005139356084435028, 0.0005047845124328673]","[1.0, 1.0, 1.0]"
69,0,0.0003695726824362817,1.0,"[0.0009875014515915502, 0.0007405515279970132, 0.0003695726824362817]","[1.0, 1.0, 1.0]"
69,12,0.00035067878321349394,1.0,"[0.001641759567781154, 0.000472913568514879, 0.00035067878321349394]","[1.0, 1.0, 1.0]"
69,2,0.0004727916059303371,1.0,"[0.0010405051301966201, 0.0008663841174840106, 0.0004727916059303371]","[1.0, 1.0, 1.0]"
70,1,0.0003861341167922707,1.0,"[0.0010512316880254623, 0.0006055577327702742, 0.0003861341167922707]","[1.0, 1.0, 1.0]"
70,6,3.305820736744808e-05,1.0,"[5.039932338232492e-05, 2.713429498588525e-05, 3.305820736744808e-05]","[1.0, 1.0, 1.0]"
70,2,0.0006986126455183908,1.0,"[0.0009445148808641962, 0.0004217772070927929, 0.0006986126455183908]","[1.0, 1.0, 1.0]"
70,14,0.0005657147553530663,1.0,"[0.0015397213274175583, 0.0004558201745208917, 0.0005657147553530663]","[1.0, 1.0, 1.0]"
70,3,0.0003076870763085454,1.0,"[0.0009746773802736938, 0.0005131072000093648, 0.0003076870763085454]","[1.0, 1.0, 1.0]"
70,9,3.512589702233637e-05,1.0,"[3.227472610557346e-05, 4.918237256347449e-05, 3.512589702233637e-05]","[1.0, 1.0, 1.0]"
70,10,0.0057387756096431985,0.9990539262062441,"[0.001621315670062733, 0.01448143478945199, 0.0057387756096431985]","[1.0, 1.0, 0.9990539262062441]"
70,11,0.00034488360776749414,1.0,"[0.001471913061598598, 0.0005230171223185166, 0.00034488360776749414]","[1.0, 1.0, 1.0]"
70,5,0.09836114642830045,0.9995269631031221,"[0.005259921387358404, 0.0025119430604664717, 0.09836114642830045]","[0.9995269631031221, 0.9995269631031221, 0.9995269631031221]"
70,7,2.669287107092907e-05,1.0,"[3.01358659822709e-05, 3.953327706602233e-05, 2.669287107092907e-05]","[1.0, 1.0, 1.0]"
70,13,0.0004366360958418668,1.0,"[0.0017073958323718134, 0.0004346905735667061, 0.0004366360958418668]","[1.0, 1.0, 1.0]"
70,4,0.00037481683616266204,1.0,"[0.0011105433287037373, 0.00045577895627288585, 0.00037481683616266204]","[1.0, 1.0, 1.0]"
70,12,0.0005054281500633806,1.0,"[0.0013352288065520538, 0.000776649213741731, 0.0005054281500633806]","[1.0, 1.0, 1.0]"
70,0,0.0004620812959568438,1.0,"[0.0011946136125034707, 0.000383680327264729, 0.0004620812959568438]","[1.0, 1.0, 1.0]"
70,8,2.7324635608017683e-05,1.0,"[2.9437189892412402e-05, 7.140436708031109e-05, 2.7324635608017683e-05]","[1.0, 1.0, 1.0]"
71,8,3.730854937065019e-05,1.0,"[3.0460161834718857e-05, 4.0270761294805474e-05, 3.730854937065019e-05]","[1.0, 1.0, 1.0]"
71,12,0.0003881703384897926,1.0,"[0.001298471129054881, 0.00044857127156292063, 0.0003881703384897926]","[1.0, 1.0, 1.0]"
71,9,3.9989360767790593e-05,1.0,"[4.2209342168599974e-05, 3.8249861063377466e-05, 3.9989360767790593e-05]","[1.0, 1.0, 1.0]"
71,13,0.0004344784106113807,1.0,"[0.0013094968612263488, 0.0006828340485684969, 0.0004344784106113807]","[1.0, 1.0, 1.0]"
71,0,0.0003292015676646877,1.0,"[0.0011621023984523216, 0.00033237780178965563, 0.0003292015676646877]","[1.0, 1.0, 1.0]"
71,2,0.00031536116683342056,1.0,"[0.0010888570644002518, 0.0004638686766745249, 0.00031536116683342056]","[1.0, 1.0, 1.0]"
71,3,0.00043155995894374107,1.0,"[0.001076938256600817, 0.0004529870189692113, 0.00043155995894374107]","[1.0, 1.0, 1.0]"
71,14,0.00026820674027090496,1.0,"[0.0013969977850193213, 0.0008561020112017903, 0.00026820674027090496]","[1.0, 1.0, 1.0]"
71,7,3.119769757397466e-05,1.0,"[3.850422432482116e-05, 4.2002528833549924e-05, 3.119769757397466e-05]","[1.0, 1.0, 1.0]"
71,11,0.0005609970164986214,1.0,"[0.0012987917139209017, 0.0005273369985816041, 0.0005609970164986214]","[1.0, 1.0, 1.0]"
71,4,0.00041510079309399077,1.0,"[0.001051954077625209, 0.0003982960201135617, 0.00041510079309399077]","[1.0, 1.0, 1.0]"
71,1,0.0003779216255198288,1.0,"[0.0011429697603007832, 0.000514531068106675, 0.0003779216255198288]","[1.0, 1.0, 1.0]"
71,10,0.010372077965739128,0.9985808893093662,"[0.019406652702480855, 0.05433368192376185, 0.010372077965739128]","[0.9995269631031221, 0.9862819299905392, 0.9985808893093662]"
71,6,3.255399050513833e-05,1.0,"[3.8096450390929185e-05, 4.6203650609558366e-05, 3.255399050513833e-05]","[1.0, 1.0, 1.0]"
71,5,0.02500726272838245,0.9985808893093662,"[0.07928923145621358, 0.004969838814919486, 0.02500726272838245]","[0.978240302743614, 0.9995269631031221, 0.9985808893093662]"
72,7,4.106181219840161e-05,1.0,"[3.8767579154051475e-05, 4.132616187703344e-05, 4.106181219840161e-05]","[1.0, 1.0, 1.0]"
72,4,0.0003242293751100078,1.0,"[0.000850420784605804, 0.0005911781794138198, 0.0003242293751100078]","[1.0, 1.0, 1.0]"
72,9,3.6583349631683e-05,1.0,"[3.9738254902961977e-05, 4.1130518073976305e-05, 3.6583349631683e-05]","[1.0, 1.0, 1.0]"
72,3,0.00039438243445200733,1.0,"[0.0010805038289297098, 0.0004331233460962882, 0.00039438243445200733]","[1.0, 1.0, 1.0]"
72,12,0.0004419531160789175,1.0,"[0.0012207424266362618, 0.0005071959908078002, 0.0004419531160789175]","[1.0, 1.0, 1.0]"
72,13,0.0003820324883704553,1.0,"[0.0013237629865409072, 0.0005581630323307984, 0.0003820324883704553]","[1.0, 1.0, 1.0]"
72,6,5.7640977033632666e-05,1.0,"[3.460453439346924e-05, 3.933936262579994e-05, 5.7640977033632666e-05]","[1.0, 1.0, 1.0]"
72,0,0.0003087469714741661,1.0,"[0.0009401697410366443, 0.0005187966855694814, 0.0003087469714741661]","[1.0, 1.0, 1.0]"
72,5,0.002331831697066424,1.0,"[0.04082256142454058, 0.029595721673959977, 0.002331831697066424]","[0.9910122989593189, 0.9919583727530747, 1.0]"
72,11,0.0003505979618763156,1.0,"[0.0012569979633994851, 0.0007796326407873439, 0.0003505979618763156]","[1.0, 1.0, 1.0]"
72,10,0.004467554077136275,0.9995269631031221,"[0.006643259680405369, 0.005979311296387631, 0.004467554077136275]","[0.9990539262062441, 0.9990539262062441, 0.9995269631031221]"
72,14,0.0003274221923096444,1.0,"[0.0011762586805024043, 0.0004736163382679506, 0.0003274221923096444]","[1.0, 1.0, 1.0]"
72,1,0.0004319735682442757,1.0,"[0.0009762889822013676, 0.00041263866253703945, 0.0004319735682442757]","[1.0, 1.0, 1.0]"
72,2,0.0005297341079259401,1.0,"[0.0009005063261343714, 0.000406656985219075, 0.0005297341079259401]","[1.0, 1.0, 1.0]"
72,8,3.2739681845476184e-05,1.0,"[3.871304739511812e-05, 3.934681990358513e-05, 3.2739681845476184e-05]","[1.0, 1.0, 1.0]"
73,2,0.00035027528193656024,1.0,"[0.0011753785412806524, 0.00041265381022479716, 0.00035027528193656024]","[1.0, 1.0, 1.0]"
73,3,0.0004255517410723876,1.0,"[0.0015464332519674346, 0.00046517166586401053, 0.0004255517410723876]","[1.0, 1.0, 1.0]"
73,0,0.0005754609748478021,1.0,"[0.0010220075303496903, 0.00041893530386219295, 0.0005754609748478021]","[1.0, 1.0, 1.0]"
73,9,3.1099355152092e-05,1.0,"[2.7752731429328296e-05, 4.55382820346682e-05, 3.1099355152092e-05]","[1.0, 1.0, 1.0]"
73,10,0.007021032780518427,0.9990539262062441,"[0.09209259458507671, 0.04521339511676856, 0.007021032780518427]","[0.9990539262062441, 0.9872280037842952, 0.9990539262062441]"
73,12,0.0003677339991554618,1.0,"[0.001157522080713093, 0.0005453300290162477, 0.0003677339991554618]","[1.0, 1.0, 1.0]"
73,8,5.407260736815674e-05,1.0,"[3.464891492375032e-05, 2.58890596810626e-05, 5.407260736815674e-05]","[1.0, 1.0, 1.0]"
73,4,0.0003372105792924926,1.0,"[0.0010662571225753602, 0.00045575447567149666, 0.0003372105792924926]","[1.0, 1.0, 1.0]"
73,13,0.0005067015550924804,1.0,"[0.0013902052226264707, 0.00038727883260104466, 0.0005067015550924804]","[1.0, 1.0, 1.0]"
73,7,8.115217637664914e-05,1.0,"[3.994561258437126e-05, 2.6720508547882535e-05, 8.115217637664914e-05]","[1.0, 1.0, 1.0]"
73,1,0.00040384539619588074,1.0,"[0.0010629626879509648, 0.0004281022830743014, 0.00040384539619588074]","[1.0, 1.0, 1.0]"
73,6,3.362142135963288e-05,1.0,"[3.710445264115344e-05, 3.394859468795458e-05, 3.362142135963288e-05]","[1.0, 1.0, 1.0]"
73,11,0.0003943686998823206,1.0,"[0.0012037179416934537, 0.0005992465206266692, 0.0003943686998823206]","[1.0, 1.0, 1.0]"
73,14,0.0003090590242098904,1.0,"[0.0012604331877258974, 0.0005392719181007565, 0.0003090590242098904]","[1.0, 1.0, 1.0]"
73,5,0.003101053209427525,0.9995269631031221,"[0.004305678006323219, 0.0045405611325644284, 0.003101053209427525]","[1.0, 1.0, 0.9995269631031221]"
74,6,4.011812730327206e-05,1.0,"[2.298632168248966e-05, 3.220562688732047e-05, 4.011812730327206e-05]","[1.0, 1.0, 1.0]"
74,11,0.00044429461713386417,1.0,"[0.0011595181960287985, 0.0005914679738149667, 0.00044429461713386417]","[1.0, 1.0, 1.0]"
74,2,0.00037391452946501565,1.0,"[0.0014133270520045806, 0.0003713151317617089, 0.00037391452946501565]","[1.0, 1.0, 1.0]"
74,14,0.0003405223952458155,1.0,"[0.0013700149103180702, 0.00044065786245152015, 0.0003405223952458155]","[1.0, 1.0, 1.0]"
74,5,0.07121175356801626,0.9995269631031221,"[0.0014147843663950505, 0.0014956056201138861, 0.07121175356801626]","[1.0, 1.0, 0.9995269631031221]"
74,4,0.00043970389721353594,1.0,"[0.0008926723231150605, 0.00044757398213465316, 0.00043970389721353594]","[1.0, 1.0, 1.0]"
74,8,4.869616325529271e-05,1.0,"[2.8672027314535104e-05, 3.223862076441891e-05, 4.869616325529271e-05]","[1.0, 1.0, 1.0]"
74,1,0.0003540391763261355,1.0,"[0.0008111399168710169, 0.00038701505057842415, 0.0003540391763261355]","[1.0, 1.0, 1.0]"
74,7,3.744810444252587e-05,1.0,"[3.0909955278206546e-05, 2.493535915467267e-05, 3.744810444252587e-05]","[1.0, 1.0, 1.0]"
74,12,0.0003238243496691046,1.0,"[0.0015248696277426047, 0.0003787785954597039, 0.0003238243496691046]","[1.0, 1.0, 1.0]"
74,13,0.0004397105786307348,1.0,"[0.0012017358897013985, 0.0005028066326772342, 0.0004397105786307348]","[1.0, 1.0, 1.0]"
74,0,0.0003764101818566868,1.0,"[0.0009706673663458787, 0.0004542643591241144, 0.0003764101818566868]","[1.0, 1.0, 1.0]"
74,3,0.00032167145057910066,1.0,"[0.0009419652659048819, 0.0004884436682058388, 0.00032167145057910066]","[1.0, 1.0, 1.0]"
74,9,3.6299615451505154e-05,1.0,"[2.6952526682042375e-05, 3.876273623256676e-05, 3.6299615451505154e-05]","[1.0, 1.0, 1.0]"
74,10,0.01295995548271629,0.9971617786187322,"[0.04560564459739801, 0.0847236962222001, 0.01295995548271629]","[0.9990539262062441, 0.9801324503311258, 0.9971617786187322]"
75,13,0.0003636729079792558,1.0,"[0.0012884021297478203, 0.0005126142712084181, 0.0003636729079792558]","[1.0, 1.0, 1.0]"
75,8,2.44491056395363e-05,1.0,"[5.0655377807825886e-05, 2.537018330754522e-05, 2.44491056395363e-05]","[1.0, 1.0, 1.0]"
75,0,0.0003282574171488009,1.0,"[0.0008651991725748624, 0.00037273918903391696, 0.0003282574171488009]","[1.0, 1.0, 1.0]"
75,1,0.00027325245366014047,1.0,"[0.0008794886303161655, 0.0003975210287642446, 0.00027325245366014047]","[1.0, 1.0, 1.0]"
75,5,0.006243171276497271,0.9995269631031221,"[0.13461000581874566, 0.011335617328500924, 0.006243171276497271]","[0.9541154210028382, 0.9981078524124882, 0.9995269631031221]"
75,3,0.0003160371664254104,1.0,"[0.0010942374968127457, 0.0004969123215500183, 0.0003160371664254104]","[1.0, 1.0, 1.0]"
75,4,0.00034005901141105876,1.0,"[0.0009069967623765799, 0.0004083555267082856, 0.00034005901141105876]","[1.0, 1.0, 1.0]"
75,9,3.8649843356159344e-05,1.0,"[3.317885310741875e-05, 2.624444476334082e-05, 3.8649843356159344e-05]","[1.0, 1.0, 1.0]"
75,10,0.0413002136252437,0.9872280037842952,"[0.006737362405093496, 0.07600550129598774, 0.0413002136252437]","[0.9990539262062441, 0.9981078524124882, 0.9872280037842952]"
75,7,3.1029548622565485e-05,1.0,"[3.0335220881997056e-05, 2.4599608877906576e-05, 3.1029548622565485e-05]","[1.0, 1.0, 1.0]"
75,14,0.0003893152536351629,1.0,"[0.0011601433374876665, 0.00046184610762407607, 0.0003893152536351629]","[1.0, 1.0, 1.0]"
75,6,4.389703187343636e-05,1.0,"[5.2023964020587634e-05, 3.38483852663723e-05, 4.389703187343636e-05]","[1.0, 1.0, 1.0]"
75,12,0.00031292785504113203,1.0,"[0.0011790280475521065, 0.00038392049883083075, 0.00031292785504113203]","[1.0, 1.0, 1.0]"
75,2,0.00035599685596774663,1.0,"[0.0008746606416774311, 0.0003318171776995501, 0.00035599685596774663]","[1.0, 1.0, 1.0]"
75,11,0.0004442751122758526,1.0,"[0.0012429920386762894, 0.0004219877067071414, 0.0004442751122758526]","[1.0, 1.0, 1.0]"
76,11,0.00038977711202195763,1.0,"[0.001097444642448064, 0.0004099748422793875, 0.00038977711202195763]","[1.0, 1.0, 1.0]"
76,0,0.0002673343483098399,1.0,"[0.0010020398048629217, 0.00037295112355530043, 0.0002673343483098399]","[1.0, 1.0, 1.0]"
76,3,0.00035823145427617845,1.0,"[0.0008848451000042533, 0.0003965615276897819, 0.00035823145427617845]","[1.0, 1.0, 1.0]"
76,13,0.00036533043285916477,1.0,"[0.0012970097992696208, 0.00044695291250139815, 0.00036533043285916477]","[1.0, 1.0, 1.0]"
76,12,0.0003911429574310949,1.0,"[0.0012166798820324016, 0.0003745751825838604, 0.0003911429574310949]","[1.0, 1.0, 1.0]"
76,10,0.0031145208828521017,0.9995269631031221,"[0.004104356989367208, 0.002764517046778244, 0.0031145208828521017]","[0.9995269631031221, 0.9995269631031221, 0.9995269631031221]"
76,2,0.0002655319810454624,1.0,"[0.0008959247827399796, 0.0003444886837421697, 0.0002655319810454624]","[1.0, 1.0, 1.0]"
76,6,3.775600488910585e-05,1.0,"[2.9035971293165915e-05, 8.405446778576307e-05, 3.775600488910585e-05]","[1.0, 1.0, 1.0]"
76,7,4.538087308570869e-05,1.0,"[3.614754350013699e-05, 2.9438742813275013e-05, 4.538087308570869e-05]","[1.0, 1.0, 1.0]"
76,9,3.319838263202903e-05,1.0,"[3.321836450623144e-05, 3.0502501596691385e-05, 3.319838263202903e-05]","[1.0, 1.0, 1.0]"
76,1,0.0003807971824083806,1.0,"[0.0008730423377367997, 0.00039663719251299933, 0.0003807971824083806]","[1.0, 1.0, 1.0]"
76,5,0.02802360360339448,0.9914853358561968,"[0.0052833466701593034, 0.02417476788704174, 0.02802360360339448]","[0.9995269631031221, 0.9985808893093662, 0.9914853358561968]"
76,4,0.00028371036537197037,1.0,"[0.0009599684400360703, 0.0003455493805471205, 0.00028371036537197037]","[1.0, 1.0, 1.0]"
76,8,3.9686048032969914e-05,1.0,"[4.2042278079007346e-05, 3.5011019628489684e-05, 3.9686048032969914e-05]","[1.0, 1.0, 1.0]"
76,14,0.0003895510127415147,1.0,"[0.0011284239766554851, 0.0004536292818198545, 0.0003895510127415147]","[1.0, 1.0, 1.0]"
77,6,3.303598036423368e-05,1.0,"[2.8406863596804517e-05, 5.3281870488276717e-05, 3.303598036423368e-05]","[1.0, 1.0, 1.0]"
77,5,0.008679180079043898,0.9995269631031221,"[0.006063013003714492, 0.008257037376204287, 0.008679180079043898]","[0.9995269631031221, 0.9995269631031221, 0.9995269631031221]"
77,1,0.00032756046964684226,1.0,"[0.000823792997192975, 0.0004112299125956591, 0.00032756046964684226]","[1.0, 1.0, 1.0]"
77,8,4.339608186097449e-05,1.0,"[5.8409447002773185e-05, 2.7261471641946684e-05, 4.339608186097449e-05]","[1.0, 1.0, 1.0]"
77,11,0.00039139649170189813,1.0,"[0.0010081404585490059, 0.0005110238452096272, 0.00039139649170189813]","[1.0, 1.0, 1.0]"
77,13,0.0004127119424414228,1.0,"[0.0011784215673811339, 0.0005693116355828489, 0.0004127119424414228]","[1.0, 1.0, 1.0]"
77,4,0.00034736258171238555,1.0,"[0.0008379189196549466, 0.0005144968449980404, 0.00034736258171238555]","[1.0, 1.0, 1.0]"
77,3,0.0003623893107407425,1.0,"[0.0009577672424390638, 0.00044307253761764835, 0.0003623893107407425]","[1.0, 1.0, 1.0]"
77,14,0.00036611164801852834,1.0,"[0.0013054177900564603, 0.0004375136499716477, 0.00036611164801852834]","[1.0, 1.0, 1.0]"
77,7,3.856469891505901e-05,1.0,"[3.59603524581568e-05, 4.070916193913118e-05, 3.856469891505901e-05]","[1.0, 1.0, 1.0]"
77,2,0.0002890061122717966,1.0,"[0.0009353732936741674, 0.0010242622259230463, 0.0002890061122717966]","[1.0, 1.0, 1.0]"
77,9,3.958041978683358e-05,1.0,"[3.500805101022265e-05, 6.036081757691026e-05, 3.958041978683358e-05]","[1.0, 1.0, 1.0]"
77,12,0.0007133549897292996,1.0,"[0.005877201328985393, 0.0006790359078546647, 0.0007133549897292996]","[0.998088867654085, 1.0, 1.0]"
77,10,0.002781948621251264,1.0,"[0.0024544373445678502, 0.0018861512208412238, 0.002781948621251264]","[0.9995269631031221, 0.9995269631031221, 1.0]"
77,0,0.00025099269837750504,1.0,"[0.0008195994074305738, 0.00042141190908082267, 0.00025099269837750504]","[1.0, 1.0, 1.0]"
78,9,3.4768055091703765e-05,1.0,"[4.130124469873298e-05, 4.4187655668903254e-05, 3.4768055091703765e-05]","[1.0, 1.0, 1.0]"
78,14,0.0013187729687849765,1.0,"[0.0010586497417975668, 0.0004398317674217238, 0.0013187729687849765]","[1.0, 1.0, 1.0]"
78,13,0.00033092435147740286,1.0,"[0.00105995264885044, 0.00044074401640417903, 0.00033092435147740286]","[1.0, 1.0, 1.0]"
78,7,2.859821346867124e-05,1.0,"[2.0433853244343702e-05, 2.7429399117615752e-05, 2.859821346867124e-05]","[1.0, 1.0, 1.0]"
78,1,0.00032409656919566365,1.0,"[0.0010216910184895182, 0.0003749050913885345, 0.00032409656919566365]","[1.0, 1.0, 1.0]"
78,5,0.010006212127764764,0.9981078524124882,"[0.06443110117791495, 0.07163796530735186, 0.010006212127764764]","[0.9990539262062441, 0.9820245979186376, 0.9981078524124882]"
78,10,0.000928241820742294,1.0,"[0.0011034994018058676, 0.0009556821395937517, 0.000928241820742294]","[1.0, 1.0, 1.0]"
78,6,5.850980574684923e-05,1.0,"[6.832951622169331e-05, 3.6821023472426035e-05, 5.850980574684923e-05]","[1.0, 1.0, 1.0]"
78,12,0.0002981555920665745,1.0,"[0.000983218487817794, 0.0004938741948342685, 0.0002981555920665745]","[1.0, 1.0, 1.0]"
78,3,0.0005250004597816288,1.0,"[0.0009571630190989441, 0.00039480168497367925, 0.0005250004597816288]","[1.0, 1.0, 1.0]"
78,11,0.0003225197552555156,1.0,"[0.0013869348485693054, 0.00047216555994413227, 0.0003225197552555156]","[1.0, 1.0, 1.0]"
78,0,0.00029739124190254025,1.0,"[0.0008981878135647789, 0.0003478541158769718, 0.00029739124190254025]","[1.0, 1.0, 1.0]"
78,4,0.0003989099855329294,1.0,"[0.0009906385337885963, 0.0004449204125729225, 0.0003989099855329294]","[1.0, 1.0, 1.0]"
78,2,0.00024938670471516056,1.0,"[0.0008601047396522892, 0.0004103523045641315, 0.00024938670471516056]","[1.0, 1.0, 1.0]"
78,8,3.418682894279658e-05,1.0,"[3.17902408686209e-05, 3.463150303353111e-05, 3.418682894279658e-05]","[1.0, 1.0, 1.0]"
79,9,6.477279084444463e-05,1.0,"[4.4619800340142596e-05, 4.336091200402183e-05, 6.477279084444463e-05]","[1.0, 1.0, 1.0]"
79,2,0.00031667335005134675,1.0,"[0.000958713422947125, 0.00038334992838345524, 0.00031667335005134675]","[1.0, 1.0, 1.0]"
79,12,0.0005252841550497,1.0,"[0.0010494791495148093, 0.00040328113722022283, 0.0005252841550497]","[1.0, 1.0, 1.0]"
79,5,0.06456741698853233,0.9810785241248817,"[0.0032987760753124297, 0.06209598257898025, 0.06456741698853233]","[1.0, 0.9995269631031221, 0.9810785241248817]"
79,7,2.642225431235133e-05,1.0,"[3.531697111060511e-05, 3.8758713124094136e-05, 2.642225431235133e-05]","[1.0, 1.0, 1.0]"
79,10,0.037953276317292714,0.9872280037842952,"[0.0010951046208313474, 0.07399831981434973, 0.037953276317292714]","[1.0, 0.9995269631031221, 0.9872280037842952]"
79,4,0.00034899449040976297,1.0,"[0.0010030579822555678, 0.000375816116181394, 0.00034899449040976297]","[1.0, 1.0, 1.0]"
79,1,0.0003254510987009031,1.0,"[0.0007039117203128305, 0.0007314801174181732, 0.0003254510987009031]","[1.0, 1.0, 1.0]"
79,8,3.0003719874719426e-05,1.0,"[3.1585758981898174e-05, 2.878101250561568e-05, 3.0003719874719426e-05]","[1.0, 1.0, 1.0]"
79,0,0.0002287371721382335,1.0,"[0.0008384926100809346, 0.0004980026929201011, 0.0002287371721382335]","[1.0, 1.0, 1.0]"
79,6,2.867479722199002e-05,1.0,"[2.7406238394067977e-05, 4.896726099876546e-05, 2.867479722199002e-05]","[1.0, 1.0, 1.0]"
79,11,0.0003067640892836745,1.0,"[0.0012249279313960649, 0.0003425972390687093, 0.0003067640892836745]","[1.0, 1.0, 1.0]"
79,3,0.0003752871829526745,1.0,"[0.0009561845799908042, 0.0003607106871855007, 0.0003752871829526745]","[1.0, 1.0, 1.0]"
79,14,0.00028451856148118776,1.0,"[0.0010949137358693406, 0.0003371693477895337, 0.00028451856148118776]","[1.0, 1.0, 1.0]"
79,13,0.00031597295376493344,1.0,"[0.001214133467080749, 0.0004971822385083545, 0.00031597295376493344]","[1.0, 1.0, 1.0]"
